3 3
115
   1    0.28101980021331197      1.554911649710202    2   11     1.0160819616175543      1.223577345672757  0  -1   0 
   2    0.28342975915947194     1.5390112853324178    1   15     1.0160819616175543     1.2394131252793554  0  -1   0 
   3    0.33682554559761124      1.803738025540065    5    4     1.0164158068918538     1.0073007088346912  0  -1   0 
   4    0.34176241105594279     1.8091164741021759    3   16     1.0073007088346912     1.2029408751312916  0  -1   0 
   5    0.34900494438889934      1.792731620087175   14    3     1.1513166205359422     1.0164158068918538  0  -1   0 
   6    0.38440884880409082     1.3783371920093801   17   15     1.1559637384016945     1.1435905589577962  0  -1   0 
   7    0.40103041895449371    0.93194404366709427    8   13     1.0074595558042212     1.2146745647823833  0  -1   0 
   8    0.40384860569401959    0.92503732257112903   18    7     1.2399749097002222     1.0074595558042212  0  -1   0 
   9    0.40862262836521157       1.88195707360496   16   30      1.133670719460808     1.7268168481863928  0  -1   0 
  10     0.4213700073246443     1.7273360092739025   11   14     1.0377477266033228      1.094169818047493  0  -1   0 
  11    0.44937622223659762     1.7020270624363769    1   10      1.223577345672757     1.0377477266033228  0  -1   0 
  12    0.49009816189597594    0.79567924921900701   21   18     1.2462015298499645      1.314718299019815  0  -1   0 
  13    0.49758457211680779     1.1236794453841847    7  115     1.2146745647823833     1.1485354193286388  0  -1   0 
  14     0.4997454433677036     1.7795398947246837    5   10     1.1513166205359422      1.094169818047493  0  -1   0 
  15    0.50693746507105442     1.4532036519064231    6    2     1.1435905589577962     1.2394131252793554  0  -1   0 
  16    0.53950039275780581     1.8547748730176896    4    9     1.2029408751312916      1.133670719460808  0  -1   0 
  17    0.53993672036931528     1.3899891816516365    6  115     1.1559637384016945     1.3468093213797367  0  -1   0 
  18    0.56723916516488548     1.1007970516373382    8   12     1.2399749097002222      1.314718299019815  0  -1   0 
  19    0.66486651970442612    0.62802879338949991   20   21     1.0416962244667332     1.1492216819319805  0  -1   0 
  20    0.69875107891539845    0.60373040286958468   19   23     1.0416962244667332     1.1132246417308611  0  -1   0 
  21    0.73375832076875447    0.76039582140147188   19   12     1.1492216819319805     1.2462015298499645  0  -1   0 
  22    0.78284427907394882    0.54342773212213114   27   23      1.102385884310213     1.0905139609787187  0  -1   0 
  23    0.80885662053350948    0.63012337920921524   22   20     1.0905139609787187     1.1132246417308611  0  -1   0 
  24    0.81159098376375838     1.3362430426634275   29   36     1.0792465474437147     1.5141413816384841  0  -1   0 
  25    0.81717350801602928     1.3696521955704912   29   26     1.0921908647687606     1.0603277680598968  0  -1   0 
  26    0.85824858451985453     1.4138367821284032   25   32     1.0603277680598968     1.0537743007762599  0  -1   0 
  27    0.86604846850949624     0.4837625650113464   34   22     1.1244542247438563      1.102385884310213  0  -1   0 
  28    0.88081875117662123     1.4381155800554024   32   40     1.0370791547246232     1.2977320824857246  0  -1   0 
  29    0.88557278405098516     1.3078404282061309   25   24     1.0921908647687606     1.0792465474437147  0  -1   0 
  30    0.90010873931576918     2.4174046747297555   31    9      1.017677152272082     1.7268168481863928  0  -1   0 
  31    0.90444160863240164       2.43454258463544   30   33      1.017677152272082     1.0087697724442928  0  -1   0 
  32    0.91187260398968417      1.417854239019894   26   28     1.0537743007762599     1.0370791547246232  0  -1   0 
  33    0.91233843946179438     2.4307282732196498   35   31     1.1137144898635254     1.0087697724442928  0  -1   0 
  34    0.98539566476655638    0.44847657909380345   27   51     1.1244542247438563     1.2333328446231369  0  -1   0 
  35    0.98923414230799189     2.5145019927784178   33   55     1.1137144898635254     1.3009390725068997  0  -1   0 
  36     1.0196433797536488    0.86607758153724568   39   24     1.0738314365034516     1.5141413816384841  0  -1   0 
  37     1.0267710591779673     1.7334183996396473   40   43     1.0958553968980913     1.1106474942516835  0  -1   0 
  38       1.05430546238649    0.78774676497959728   41   39     1.0861907174162353     1.1341005658733416  0  -1   0 
  39     1.0689325276729436     0.9210472178245005   36   38     1.0738314365034516     1.1341005658733416  0  -1   0 
  40     1.0835341583437208     1.6561771691497758   37   28     1.0958553968980913     1.2977320824857246  0  -1   0 
  41      1.089183388791457    0.70892817568484379   42   38     1.0305057351441334     1.0861907174162353  0  -1   0 
  42     1.1193742339754009    0.70455636327313831   41   73     1.0305057351441334     1.5716253939435401  0  -1   0 
  43     1.1369972751427324     1.7237721932213026   44   37     1.0067888276742769     1.1106474942516835  0  -1   0 
  44     1.1389482813926404     1.7302746355166134   43   45     1.0067888276742769     1.0115299742208046  0  -1   0 
  45     1.1502373449632572     1.7279299928506637   47   44     1.0120474513203614     1.0115299742208046  0  -1   0 
  46     1.1570185046167694      1.790500267179161   48   50     1.0090373817611731     1.0401525060189636  0  -1   0 
  47     1.1584400350440276     1.7367536518850615   45   48     1.0120474513203614      1.047909755667368  0  -1   0 
  48     1.1636658081005449     1.7843775532799355   47   46      1.047909755667368     1.0090373817611731  0  -1   0 
  49     1.1684066978171945     1.8275825799712719   50   54     1.0013846289560608     1.1163802355125478  0  -1   0 
  50     1.1685577266961997     1.8289589475179935   49   46     1.0013846289560608     1.0401525060189636  0  -1   0 
  51     1.2169956824309796    0.42009263648951023   52   34     1.0018447627185141     1.2333328446231369  0  -1   0 
  52     1.2177421839135028    0.41840566137878399   53   51     1.0108563196481499     1.0018447627185141  0  -1   0 
  53     1.2285952595326692    0.41867104017872953   52   69     1.0108563196481499     1.4302009553564203  0  -1   0 
  54     1.2424596711642872     1.7378022015113275   59   49     1.2245653586189706     1.1163802355125478  0  -1   0 
  55     1.2887732648837467     2.5434957750059906   56   35     1.0416138122595555     1.3009390725068997  0  -1   0 
  56     1.3114322503840692     2.5783996393603812   55   57     1.0416138122595555     1.0329647989420694  0  -1   0 
  57     1.3197051749934539     2.5464898181810249   58   56     1.0236441729347523     1.0329647989420694  0  -1   0 
  58     1.3432393566997616     2.5487678008813455   57   60     1.0236441729347523     1.0263436600689022  0  -1   0 
  59     1.3461357041081436     1.9370028051366461   54   63     1.2245653586189706     1.2481918627097675  0  -1   0 
  60     1.3577958727954824     2.5707244915468555   58   61     1.0263436600689022     1.0204521876220354  0  -1   0 
  61     1.3597106964689418       2.55036213832267   60   67     1.0204521876220354     1.2669558266934016  0  -1   0 
  62     1.4140706599432213      1.972294928866607   64   65     1.2762469813595907      1.075166751343265  0  -1   0 
  63     1.4173255308820623     1.6992398785075278   64   59     1.0226949940224923     1.2481918627097675  0  -1   0 
  64     1.4399341161858747     1.6972613375700702   62   63     1.2762469813595907     1.0226949940224923  0  -1   0 
  65     1.4785754381922553     1.9337051103837068   66   62     1.2535059824844321      1.075166751343265  0  -1   0 
  66      1.542195904520816     1.6883121206314857   79   65     1.1998517828675228     1.2535059824844321  0  -1   0 
  67     1.6254246611864793     2.5760818264942769   70   61      1.035135358463106     1.2669558266934016  0  -1   0 
  68     1.6447482235115873     0.9396835285083649   78   73     1.1040077998335747     1.1063484332877818  0  -1   0 
  69     1.6556013632842501    0.36633893389137473   76   53     1.0796909245556061     1.4302009553564203  0  -1   0 
  70     1.6593039227738871     2.5667711311054808   71   67     1.0129674640059652      1.035135358463106  0  -1   0 
  71     1.6705012998601536     2.5602309576265925   72   70     1.0034153464615125     1.0129674640059652  0  -1   0 
  72      1.672078077215468      2.563260539218815   71   83     1.0034153464615125     1.2493327868052717  0  -1   0 
  73      1.675252553753422    0.83780381954105942   42   68     1.5716253939435401     1.1063484332877818  0  -1   0 
  74     1.6777287163739416     1.3216941857191149   85   88     1.3124080681511683     1.3410380642422253  0  -1   0 
  75     1.6916132541685849      1.615490812479335   87   79     1.2999335782302253     1.0744071959477244  0  -1   0 
  76     1.7031700752389387    0.43027531711328659   69   82     1.0796909245556061     1.1284333511314033  0  -1   0 
  77     1.7243200365130806    0.98583400573048363   80   81      1.086899290813566     1.0709296630798968  0  -1   0 
  78     1.7318549262244591     0.8828500456948658   80   68     1.0236569240780913     1.1040077998335747  0  -1   0 
  79     1.7412867734851958     1.6708891182973411   66   75     1.1998517828675228     1.0744071959477244  0  -1   0 
  80      1.746128489911295     0.9017157668980007   78   77     1.0236569240780913      1.086899290813566  0  -1   0 
  81     1.7905374849406512    0.96041223104086537   77   85     1.0709296630798968      1.272674187786172  0  -1   0 
  82     1.8315650485842214     0.4334148238430871   76   89     1.1284333511314033     1.2821743295924997  0  -1   0 
  83     1.9124971614654043     2.4971885897659258   84   72       1.02626396456674     1.2493327868052717  0  -1   0 
  84     1.9240901217673907     2.4736216827520741   86   83      1.036325644327494       1.02626396456674  0  -1   0 
  85     1.9550572835532931     1.1778621069877244   74   81     1.3124080681511683      1.272674187786172  0  -1   0 
  86     1.9587562960287763     2.4844756588846644   84   90      1.036325644327494     1.1538066511201797  0  -1   0 
  87     1.9852799325809245     1.5544987364345719   75   88     1.2999335782302253     1.1787046837377102  0  -1   0 
  88     2.0140651986537383     1.3781276150827124   74   87     1.3410380642422253     1.1787046837377102  0  -1   0 
  89     2.0810193986715761    0.56530447280566531   93   82     1.0438439881387775     1.2821743295924997  0  -1   0 
  90     2.1070643251799677     2.4437176606745705   86   91     1.1538066511201797     1.1392291372263226  0  -1   0 
  91     2.1083457169136484     2.3044944202008226   97   90     1.1242901619509382     1.1392291372263226  0  -1   0 
  92     2.1237839251101698     0.6271327549634218   95   93     1.0171718487615828     1.0681144999757473  0  -1   0 
  93     2.1244108151344241    0.55902113983176049   89   92     1.0438439881387775     1.0681144999757473  0  -1   0 
  94     2.1312236947534191    0.66028205893155312   95   96     1.0430953478461649     1.0617712406271889  0  -1   0 
  95      2.138165376573427    0.61774945896997402   94   92     1.0430953478461649     1.0171718487615828  0  -1   0 
  96      2.170528856971353    0.61262924797937568  100   94     1.1706627138392265     1.0617712406271889  0  -1   0 
  97     2.2156700025902865     2.2418083606517505   99   91     1.0485847935203405     1.1242901619509382  0  -1   0 
  98     2.2403057091563046     2.2274191163246697  112   99     1.3029581428829278     1.0340081280954059  0  -1   0 
  99     2.2630092042464272      2.252739149643098   97   98     1.0485847935203405     1.0340081280954059  0  -1   0 
 100     2.3214021005665071    0.69239782739537781   96  101     1.1706627138392265     1.2790727052569364  0  -1   0 
 101     2.3575399075777428    0.96912085448897467  103  100     1.0846067570913736     1.2790727052569364  0  -1   0 
 102     2.3993727745137887     1.0113798954833888  103  114     1.0877638583849023     1.2244637023342038  0  -1   0 
 103     2.4326463888434202    0.93016806489173098  102  101     1.0877638583849023     1.0846067570913736  0  -1   0 
 104     2.4412467004420995     1.4223128984771745  106  114     1.0391525286725183     1.3996501349769059  0  -1   0 
 105     2.4513367504505146     1.6873643905039271  113  109     1.1528595408263382     1.1640398596867552  0  -1   0 
 106     2.4646174339240678     1.4537251463745657  104  108     1.0391525286725183     1.0032925954796406  0  -1   0 
 107     2.4654031530474763     1.4547812195141301  108  113     1.0025140128527277     1.2070269914539666  0  -1   0 
 108     2.4678646373811168     1.4542699901146214  106  107     1.0032925954796406     1.0025140128527277  0  -1   0 
 109     2.4725786730027481     1.8500231015904693  111  105     1.0504319939293456     1.1640398596867552  0  -1   0 
 110     2.4744505680974385     1.8643570227618154  111  112       1.03736144754876     1.2120497553552667  0  -1   0 
 111     2.4969928478654775     1.8941517099694067  110  109       1.03736144754876     1.0504319939293456  0  -1   0 
 112     2.5019094094368421     2.0746214058097436  110   98     1.2120497553552667     1.3029581428829278  0  -1   0 
 113     2.5889806793246102     1.6208798955765993  105  107     1.1528595408263382     1.2070269914539666  0  -1   0 
 114     2.6176529751953823     1.0637030037242154  102  104     1.2244637023342038     1.3996501349769059  0  -1   0 
 115    0.35109686957316077     1.0991005154111664   17   13     1.3468093213797367     1.1485354193286388  0  -1   0 
