3 3
136
   1    0.32537819112798266     1.1265481323288036   13   21                      0                      0  0  -1   0 
   2     0.3468601177345656     1.4258958333377194   13    3                      0                      0  0  -1   0 
   3    0.34861151560336284     1.4327525984917333    2    6                      0                      0  0  -1   0 
   4    0.36660060374260467     1.4970777433383218    6   10                      0                      0  0  -1   0 
   5    0.40166046877294342     1.7232807428107926    8    9                      0                      0  0  -1   0 
   6     0.4046478952292959     1.4916743666882215    3    4                      0                      0  0  -1   0 
   7    0.42096553335620152     1.7160203336644781    8   11                      0                      0  0  -1   0 
   8    0.42305594791157813     1.7242043573726908    5    7                      0                      0  0  -1   0 
   9    0.42789057446797119     1.7431320376531925    5   14                      0                      0  0  -1   0 
  10    0.43295463314177762     1.7246316705337106   15    4                      0                      0  0  -1   0 
  11    0.43649875249384779     1.7367858423950926   12    7                      0                      0  0  -1   0 
  12    0.44031772536769004     1.7498825945164687   11   15                      0                      0  0  -1   0 
  13    0.44489316541547175     1.3604355690090089    1    2                      0                      0  0  -1   0 
  14    0.45146213120038187     1.8354152542244502   16    9                      0                      0  0  -1   0 
  15    0.46303808222811899     1.7259303332777525   10   12                      0                      0  0  -1   0 
  16    0.47051313057309213     1.8534344526321263   14   17                      0                      0  0  -1   0 
  17    0.54372089249444866     2.1044925101040266   16   19                      0                      0  0  -1   0 
  18    0.59686474079961283    0.82417170049824606   22   21                      0                      0  0  -1   0 
  19    0.61386335314263452      2.189956646444656   17   23                      0                      0  0  -1   0 
  20    0.65497824908422031    0.64407027886247314   22   33                      0                      0  0  -1   0 
  21    0.71753951794401771     1.0090676287997968   18    1                      0                      0  0  -1   0 
  22    0.76320760743566651    0.92417376305902754   18   20                      0                      0  0  -1   0 
  23    0.80485748973847093     2.3526848185370852   27   19                      0                      0  0  -1   0 
  24    0.81106317641157166     1.4458794769452907   29   39                      0                      0  0  -1   0 
  25    0.84976605657608739     2.3909471920477459   27   35                      0                      0  0  -1   0 
  26    0.85326228338589349     1.1572401776259504   29   36                      0                      0  0  -1   0 
  27     0.8605835811990229     2.3512500379362931   25   23                      0                      0  0  -1   0 
  28    0.89097032208606664     1.2747954825132217   30   31                      0                      0  0  -1   0 
  29    0.89265236301143813     1.2591838527428909   26   24                      0                      0  0  -1   0 
  30    0.89645174352656976      1.269016856802853   31   28                      0                      0  0  -1   0 
  31    0.90987873647930917     1.3037666471151288   28   30                      0                      0  0  -1   0 
  32    0.92402985806435656     0.5839088972900347   33   34                      0                      0  0  -1   0 
  33    0.92482247353154623    0.58693209832681736   32   20                      0                      0  0  -1   0 
  34    0.96228090767195129    0.44718841603363396   42   32                      0                      0  0  -1   0 
  35    0.96244800004241049     2.4869528968034853   25   40                      0                      0  0  -1   0 
  36     1.0199801459598188    0.94988334751576986   26  134                      0                      0  0  -1   0 
  37     1.0371599764554684    0.92851577994736634   38  134                      0                      0  0  -1   0 
  38     1.0532557815750057    0.90849647861918059   45   37                      0                      0  0  -1   0 
  39     1.0601768677957935     1.6927464109355244   41   24                      0                      0  0  -1   0 
  40     1.0805489423640204     2.4304307620328016   64   35                      0                      0  0  -1   0 
  41     1.0833455352463357     1.7527081863349021   39   43                      0                      0  0  -1   0 
  42     1.1007455300353697    0.54968126079828616   34   48                      0                      0  0  -1   0 
  43     1.1223849796349801     1.7543934675614705   44   41                      0                      0  0  -1   0 
  44     1.1774014035528966     1.8089136981287059   43   46                      0                      0  0  -1   0 
  45     1.1774203869294297    0.87130025512628906   54   38                      0                      0  0  -1   0 
  46     1.2053912622285938     1.7579767390944772   47   44                      0                      0  0  -1   0 
  47     1.2063520400155912     1.7580182146019463   46   52                      0                      0  0  -1   0 
  48     1.2131154385501319    0.52588748817765008   50   42                      0                      0  0  -1   0 
  49     1.2321469152424231      1.759131745279501   52   86                      0                      0  0  -1   0 
  50     1.2426307129122416    0.45834946261105924   53   48                      0                      0  0  -1   0 
  51     1.2445182274268209    0.45403037677167346   53   58                      0                      0  0  -1   0 
  52     1.2489779983854634     1.8233290138347433   47   49                      0                      0  0  -1   0 
  53      1.249274989759555    0.46298358480461865   50   51                      0                      0  0  -1   0 
  54     1.2535141155791172     0.8204896794173806   55   45                      0                      0  0  -1   0 
  55     1.2662930883602581    0.84467649342381357   54   56                      0                      0  0  -1   0 
  56     1.2715564415742622    0.84309974083871675   59   55                      0                      0  0  -1   0 
  57     1.2745645564456891    0.80643352737519447   60   59                      0                      0  0  -1   0 
  58     1.2777989094543134    0.37787619551385399   67   51                      0                      0  0  -1   0 
  59     1.2801169441415046     0.8116851980917742   57   56                      0                      0  0  -1   0 
  60     1.2831013845671109    0.80073317388648113   61   57                      0                      0  0  -1   0 
  61     1.2846749088626663    0.79495879955999771   60   63                      0                      0  0  -1   0 
  62     1.3119383346745468    0.83100246145272183   63   65                      0                      0  0  -1   0 
  63     1.3294346116406786    0.81255753124444663   62   61                      0                      0  0  -1   0 
  64     1.3346965235982844     2.6708137257554885   40   69                      0                      0  0  -1   0 
  65     1.3484940911552312    0.82005138498349828   66   62                      0                      0  0  -1   0 
  66     1.3628314391492737    0.82568857926213568   65   68                      0                      0  0  -1   0 
  67     1.3642544240867047    0.38549227574006018   58   70                      0                      0  0  -1   0 
  68     1.3656844123312564    0.81490164825657152   76   66                      0                      0  0  -1   0 
  69     1.3769976090343974     2.6816314947804831   64   72                      0                      0  0  -1   0 
  70     1.3872270616335072    0.41862236817588339   67   71                      0                      0  0  -1   0 
  71     1.3955048768337759    0.38824520545471103   70   79                      0                      0  0  -1   0 
  72     1.3983595068681851     2.5725688523766772   74   69                      0                      0  0  -1   0 
  73     1.3989557638532188     2.5695246770489284   75   74                      0                      0  0  -1   0 
  74     1.4008420316882777     2.5744064411171594   72   73                      0                      0  0  -1   0 
  75     1.4042090311973199     2.5427042502189168   73   82                      0                      0  0  -1   0 
  76      1.425451458668568    0.79699712219033214   68  135                      0                      0  0  -1   0 
  77      1.426557472846727    0.79666579145046712   78  135                      0                      0  0  -1   0 
  78     1.4321503768116677    0.79499031472938075   84   77                      0                      0  0  -1   0 
  79     1.4665157305686329    0.39450072728319935   81   71                      0                      0  0  -1   0 
  80     1.4766379885958245    0.39539242204128644   81   91                      0                      0  0  -1   0 
  81     1.4819514934129567    0.37530235942797202   80   79                      0                      0  0  -1   0 
  82     1.4855282731699055      2.628210729356363   83   75                      0                      0  0  -1   0 
  83     1.5242613252471053     2.5728800868356916   85   82                      0                      0  0  -1   0 
  84     1.5991495952665191    0.91860474187155416   78   87                      0                      0  0  -1   0 
  85     1.6018985773892027      2.631636997728303   83  113                      0                      0  0  -1   0 
  86     1.6474819523754223     1.7770612099985177   49  101                      0                      0  0  -1   0 
  87     1.6546377450576351    0.94042171113704343   84   88                      0                      0  0  -1   0 
  88     1.6771021612189783    0.89954015260556897   89   87                      0                      0  0  -1   0 
  89     1.7170937075318731     0.9452792538905207   88   90                      0                      0  0  -1   0 
  90      1.717479636005925    0.94330890558689762   95   89                      0                      0  0  -1   0 
  91     1.7257577990685575    0.41733800261604875   80   94                      0                      0  0  -1   0 
  92     1.7375262280070356    0.41837471264331494  100  136                      0                      0  0  -1   0 
  93     1.7433403216448986    0.97529801165272423   95  102                      0                      0  0  -1   0 
  94     1.7448831128557682    0.41328831196873972   91  136                      0                      0  0  -1   0 
  95     1.7473781666670858    0.97688562163935189   93   90                      0                      0  0  -1   0 
  96       1.76156697227203     1.4272227820166996  108  101                      0                      0  0  -1   0 
  97     1.7908983454481364     1.2948027098312951  107  108                      0                      0  0  -1   0 
  98      1.812452325709877    0.44726612017775264   99  112                      0                      0  0  -1   0 
  99     1.8149675844926165    0.44558658956365627  100   98                      0                      0  0  -1   0 
 100     1.8158254966939751    0.44120653998385539   99   92                      0                      0  0  -1   0 
 101     1.8390691947447739     1.5730979534624112   86   96                      0                      0  0  -1   0 
 102     1.8673475028039606     1.1171274116643677   93  103                      0                      0  0  -1   0 
 103     1.8856627046311056     1.1306845001513885  102  104                      0                      0  0  -1   0 
 104     1.8871605665554243     1.1396037181007441  106  103                      0                      0  0  -1   0 
 105      1.887198870286215     1.1398318027577135  106  107                      0                      0  0  -1   0 
 106     1.8877780403508764     1.1404942107086717  105  104                      0                      0  0  -1   0 
 107     1.9103746391937528     1.2778349996306517  105   97                      0                      0  0  -1   0 
 108     1.9126520341646585     1.4099622261867522   97   96                      0                      0  0  -1   0 
 109      2.059161073708605    0.60715554533081506  112  110                      0                      0  0  -1   0 
 110      2.077227329723458    0.70096477520738598  109  125                      0                      0  0  -1   0 
 111     2.0853444669778081     2.3197160991031942  113  120                      0                      0  0  -1   0 
 112     2.1038124196659052    0.59377925795209485  109   98                      0                      0  0  -1   0 
 113     2.1124576097392187     2.4811649120109744   85  111                      0                      0  0  -1   0 
 114     2.3424265761706744     2.0780147324651028  128  120                      0                      0  0  -1   0 
 115     2.3582219570325726     1.8189470184797447  116  118                      0                      0  0  -1   0 
 116     2.3796956093066362     1.8086699060029598  117  115                      0                      0  0  -1   0 
 117     2.3800459660130984     1.8086850304390076  116  129                      0                      0  0  -1   0 
 118     2.3833130886250555     1.8551323066202465  115  126                      0                      0  0  -1   0 
 119     2.3856978113008509    0.99115861674152539  130  125                      0                      0  0  -1   0 
 120     2.3874765289645232     2.3119370998937709  114  111                      0                      0  0  -1   0 
 121     2.4220535376057515     1.5277261519385192  133  131                      0                      0  0  -1   0 
 122     2.4344645239108011     1.9289005788001059  126  128                      0                      0  0  -1   0 
 123     2.4485215669616438     1.2525629342279276  132  130                      0                      0  0  -1   0 
 124     2.4556675398975973     1.7723103680074221  131  129                      0                      0  0  -1   0 
 125     2.4746934511311256    0.89641410091252727  110  119                      0                      0  0  -1   0 
 126     2.5081232504955371     1.9731827577299099  122  118                      0                      0  0  -1   0 
 127     2.5092966105994563     1.3417991868155474  132  133                      0                      0  0  -1   0 
 128     2.5327905297390716     2.0707018698055135  122  114                      0                      0  0  -1   0 
 129      2.551268874978891     1.8796727972397729  124  117                      0                      0  0  -1   0 
 130      2.564957620173498     1.0862325964083739  119  123                      0                      0  0  -1   0 
 131     2.6359289160672534     1.6860387634162888  121  124                      0                      0  0  -1   0 
 132     2.6380651607996763      1.327088157663957  123  127                      0                      0  0  -1   0 
 133     2.6400702681775106     1.4330086777566806  121  127                      0                      0  0  -1   0 
 134     1.0229206129421051    0.96109878091486634   36   37                      0                      0  0  -1   0 
 135     1.4260293288910488    0.79567179901454432   77   76                      0                      0  0  -1   0 
 136     1.7587088267203852    0.42024072165459314   92   94                      0                      0  0  -1   0 
