3 3
126
   1    0.28787854467245966     1.1394614697055487   14    4     1.3299377215215629     1.3219258817582809  0  -1   0 
   2    0.36166418541852025      1.589894753754346    6  124      1.082340210849988     1.0586239848422665  0  -1   0 
   3    0.36802618512822832     1.4555794554475145    4    7     1.0180182273419811     1.0731078109403192  0  -1   0 
   4    0.38374986850815007     1.4467804613279978    3    1     1.0180182273419811     1.3219258817582809  0  -1   0 
   5    0.39049344588887608     1.5246728015728088    7    8     1.0062098101118451     1.0080073829438061  0  -1   0 
   6    0.39608814973376166     1.6646938246285452    2   12      1.082340210849988     1.0533817750484573  0  -1   0 
   7    0.39645470976106489     1.5229335273933564    3    5     1.0731078109403192     1.0062098101118451  0  -1   0 
   8    0.39849549281088598      1.524380523166649    5  124     1.0080073829438061      1.046732764491632  0  -1   0 
   9    0.40300454191875029     1.6850950083647036   10   13     1.0073961029223064     1.0526962117400709  0  -1   0 
  10    0.40949502118850922      1.688641276443428    9   15     1.0073961029223064      1.164118521826917  0  -1   0 
  11    0.42350276894939226     1.8876669420982679   15  126     1.0748491988932136     1.1574022192312494  0  -1   0 
  12    0.44793174736780061     1.6519715885167616   13    6     1.0270572948394359     1.0533817750484573  0  -1   0 
  13    0.45522466326247202     1.6780275011237191   12    9     1.0270572948394359     1.0526962117400709  0  -1   0 
  14    0.47545607527134143    0.86803271275952076   23    1     1.2077671834794683     1.3299377215215629  0  -1   0 
  15    0.47891874109783733     1.8373532003789463   10   11      1.164118521826917     1.0748491988932136  0  -1   0 
  16    0.52265890994579356    0.80224579238921367   21   23     1.0561217415110564      1.252755305990632  0  -1   0 
  17    0.54638728326933683     1.9726357478097194   18  126     1.0019217102815894     1.0097558402380151  0  -1   0 
  18     0.5475368594313138     1.9741756975018134   17   19     1.0019217102815894     1.0090181833862975  0  -1   0 
  19     0.5514125908075358     1.9823185678733877   18  125     1.0090181833862975     1.0030192325188787  0  -1   0 
  20    0.54991143117143637     1.9886460897393492   22  125     1.0835224108340638     1.0059945201996092  0  -1   0 
  21    0.55392389718992396    0.75563945759598838   30   16     1.1817876835456205     1.0561217415110564  0  -1   0 
  22    0.57702187566166174     2.0676461967714066   20   24     1.0835224108340638     1.0172325849545394  0  -1   0 
  23    0.57760001981263076     1.0489576063605315   14   16     1.2077671834794683      1.252755305990632  0  -1   0 
  24    0.59354976269420379     2.0725237919221904   22   26     1.0172325849545394     1.1728240821846549  0  -1   0 
  25    0.62107309831903346    0.65722239739570265   27   30     1.0951305053521698     1.1647751484440407  0  -1   0 
  26    0.66788108842532035     2.2285462819613606   29   24     1.0291834596307354     1.1728240821846549  0  -1   0 
  27    0.67604275411669357      0.579581235696215   28   25     1.0017425299795049     1.0951305053521698  0  -1   0 
  28    0.67567951554428285    0.58128548581547157   27   36     1.0017425299795049     1.2342540036718328  0  -1   0 
  29    0.69622348846420468     2.2215905162914571   31   26      1.178176937441735     1.0291834596307354  0  -1   0 
  30     0.7344802880855773    0.77676175850329243   21   25     1.1817876835456205     1.1647751484440407  0  -1   0 
  31     0.7661895546751899     2.3854556151230142   29   34      1.178176937441735     1.1946914317673427  0  -1   0 
  32    0.80505991857898351     1.1602494056153696   37   45     1.2454376980307911     1.5286207623643899  0  -1   0 
  33    0.84609501104141926     1.3931346109505387   37   42     1.1325675295246569     1.6273411161650024  0  -1   0 
  34    0.85656373209341741     2.2130106625741019   39   31     1.3515882387644034     1.1946914317673427  0  -1   0 
  35    0.89286587381726956    0.48219340034481251   36   38     1.1185647329269348      1.210626634816063  0  -1   0 
  36    0.90921447831645386    0.59962558939434274   35   28     1.1185647329269348     1.2342540036718328  0  -1   0 
  37    0.96883780665795527     1.3430511205718918   32   33     1.2454376980307911     1.1325675295246569  0  -1   0 
  38     1.0841861807251463    0.39410186012320531   47   35     1.2172243504773115      1.210626634816063  0  -1   0 
  39     1.1378826084841243      2.423899209972308   34   40     1.3515882387644034     1.2275803222005319  0  -1   0 
  40     1.1678311560082242     2.6495003791937788   39   41     1.2275803222005319     1.1982135339649747  0  -1   0 
  41      1.175548481059034     2.4514371369176202   53   40     1.2711943682148674     1.1982135339649747  0  -1   0 
  42      1.197743913651645     1.9126535473947985   43   33     1.2457414317713349     1.6273411161650024  0  -1   0 
  43     1.2082094132336787     1.6671350662013777   44   42     1.0385389481040113     1.2457414317713349  0  -1   0 
  44      1.235071627614879     1.6395004509606672   58   43     1.4483946867689084     1.0385389481040113  0  -1   0 
  45     1.2419175103298836    0.86259968709994328   46   32     1.0274758199256724     1.5286207623643899  0  -1   0 
  46     1.2445069588308786    0.83524616014182196   49   45     1.0318132224446723     1.0274758199256724  0  -1   0 
  47     1.2566815720169062     0.5261312448199178   38   48     1.2172243504773115      1.215673846831999  0  -1   0 
  48     1.2655474031133938    0.31063970149099468   50   47     1.0202060755027482      1.215673846831999  0  -1   0 
  49     1.2759670031742043     0.8399733931834843   46   51     1.0318132224446723     1.0709405788060802  0  -1   0 
  50     1.2839255235562803    0.30224147690424319   65   48     1.3917691302389474     1.0202060755027482  0  -1   0 
  51     1.3343265752834619    0.79964070092811845   52   49     1.0490967077222508     1.0709405788060802  0  -1   0 
  52      1.342656848985599     0.8480255461713514   51   57     1.0490967077222508     1.1856536779804401  0  -1   0 
  53      1.392392247717313     2.6143026219441015   41   54     1.2711943682148674     1.0797979094900501  0  -1   0 
  54     1.4284622421680382     2.5431221340326879   55   53     1.1280806106319559     1.0797979094900501  0  -1   0 
  55     1.4907913607368013     2.6550137056468883   54   60     1.1280806106319559     1.2439043304734276  0  -1   0 
  56     1.5051048720650839     1.8063782609950869   61   58     1.0494128920632801     1.1701686596040062  0  -1   0 
  57     1.5270908643726415    0.86927130141509645   52   64     1.1856536779804401     1.0233919179823265  0  -1   0 
  58     1.5335011063181698     1.9741609376684193   44   56     1.4483946867689084     1.1701686596040062  0  -1   0 
  59     1.5382667799437897     2.5302670830341012   67   60     1.0901879083568859      1.114353053741548  0  -1   0 
  60     1.5389755657419997     2.4159162259200873   55   59     1.2439043304734276      1.114353053741548  0  -1   0 
  61     1.5404983499718148      1.840859206801766   56   62     1.0494128920632801     1.1363602057107023  0  -1   0 
  62     1.5418250475955577     1.7045054552036518   72   61     1.1989598983098346     1.1363602057107023  0  -1   0 
  63     1.5436149137154354    0.87142272843622803   64   77     1.0187699753122075     1.1894644704392927  0  -1   0 
  64     1.5435532168711414    0.85265285452295203   63   57     1.0187699753122075     1.0233919179823265  0  -1   0 
  65     1.5440039488052477    0.59522998201698407   50   66     1.3917691302389474      1.219328975482399  0  -1   0 
  66     1.5459268983227501    0.37590943635080176   65   78      1.219328975482399     1.2434490951591153  0  -1   0 
  67     1.6179377928995169     2.5725327725280445   59   68     1.0901879083568859      1.023612632019306  0  -1   0 
  68     1.6316010534502694     2.5532747429818681   70   67     1.0016401519444653      1.023612632019306  0  -1   0 
  69     1.6312050858402649     2.5513914552098371   73   70     1.0402693851498643     1.0030134329059635  0  -1   0 
  70     1.6302923096210409     2.5542633217548496   68   69     1.0016401519444653     1.0030134329059635  0  -1   0 
  71     1.6462270683657474     1.6914461005986832   74   75     1.0414719084209101     1.0358446210772017  0  -1   0 
  72     1.6460753231455281      1.873966132598778   62   74     1.1989598983098346     1.1601460101355041  0  -1   0 
  73     1.6537027635588626     2.5179926846094358   69   81     1.0402693851498643     1.1255665857277086  0  -1   0 
  74      1.678743241570678     1.7171874616384437   71   72     1.0414719084209101     1.1601460101355041  0  -1   0 
  75      1.681780850376253     1.6960030123728591   76   71     1.1593645313933136     1.0358446210772017  0  -1   0 
  76     1.7134110555002142     1.5398089536189277   86   75     1.1943952313107604     1.1593645313933136  0  -1   0 
  77     1.7317946342687816     0.8934494924134031   84   63     1.1186158180462333     1.1894644704392927  0  -1   0 
  78     1.7365905786203275     0.5272858643347359   79   66     1.0158270664732423     1.2434490951591153  0  -1   0 
  79     1.7488085481820044    0.51722518578215482   82   78     1.1000707615464744     1.0158270664732423  0  -1   0 
  80     1.7534776335647746     1.3326292806639743   92   84     1.2416349173781189     1.3737454711741102  0  -1   0 
  81     1.7580429281953818     2.5878503792102316   73   96     1.1255665857277086     1.4309333759764866  0  -1   0 
  82     1.7960106437622625    0.42898619502793378   83   79     1.0501466625722227     1.1000707615464744  0  -1   0 
  83     1.8100151594707503    0.47713763640722257   82   85     1.0501466625722227     1.0603235211887407  0  -1   0 
  84     1.8256922190757459    0.96592677063351895   77   80     1.1186158180462333     1.3737454711741102  0  -1   0 
  85     1.8597275145170475    0.44296734281235672   87   83     1.0863596060132383     1.0603235211887407  0  -1   0 
  86     1.9062757411010858     1.5641547747067652   76   91     1.1943952313107604     1.0986740011090881  0  -1   0 
  87     1.9093490271305611    0.51364751709559309   85   88     1.0863596060132383     1.0091914656760437  0  -1   0 
  88      1.916062943707094    0.50737006813305696   89   87     1.0014574771704279     1.0091914656760437  0  -1   0 
  89     1.9169332506017789    0.50853917275257676   88   90     1.0014574771704279     1.0023567490779117  0  -1   0 
  90     1.9163569611958668    0.50625396888051832   89   93     1.0023567490779117     1.1148668669054602  0  -1   0 
  91     1.9483128393196201     1.4748830497976899   86   92     1.0986740011090881     1.2037866351633839  0  -1   0 
  92     1.9881464602292807      1.275027413608866   80   91     1.2416349173781189     1.2037866351633839  0  -1   0 
  93     2.0017758009789519    0.42945540819876887   90   95     1.1148668669054602     1.2999754371802092  0  -1   0 
  94     2.0904416763406655     2.3625269030051399   98   96     1.0982512190079383     1.0929888144792583  0  -1   0 
  95     2.1537586584174924      0.688079602651403   99   93     1.0561445183114886     1.2999754371802092  0  -1   0 
  96     2.1577184999686425     2.4267199604240539   94   81     1.0929888144792583     1.4309333759764866  0  -1   0 
  97     2.1745599923052037      2.309829019981064  101   98     1.1082043408331028     1.0722248700377206  0  -1   0 
  98     2.1869436223148226     2.3809843258953141   94   97     1.0982512190079383     1.0722248700377206  0  -1   0 
  99     2.1922963775337818    0.64725006503777027  100   95     1.0678975506852446     1.0561445183114886  0  -1   0 
 100     2.2035163415307211    0.71421415837862523   99  103     1.0678975506852446     1.1109108440389888  0  -1   0 
 101      2.249275749345554     2.3880960949552423   97  104     1.1082043408331028     1.0820439680094751  0  -1   0 
 102     2.2643342076554736    0.82750020204185459  110  103     1.2040008299562981     1.1132590123696025  0  -1   0 
 103     2.3138378396281922    0.72563266891943434  100  102     1.1109108440389888     1.1132590123696025  0  -1   0 
 104     2.3253683765145063     2.3574183379109832  101  106     1.0820439680094751     1.0492827397590627  0  -1   0 
 105     2.3369315785097382     2.2438365565965759  107  106     1.0442639712732835     1.0841865759924676  0  -1   0 
 106     2.3618264078829623     2.3242581149488832  104  105     1.0492827397590627     1.0841865759924676  0  -1   0 
 107     2.3717622950471151     2.2711517600257096  105  108     1.0442639712732835     1.2756053763957493  0  -1   0 
 108      2.422466750682768     2.0002507048839204  107  109     1.2756053763957493     1.0898403019111089  0  -1   0 
 109     2.4475643648471128     2.0865141943260759  108  112     1.0898403019111089     1.2864319777390065  0  -1   0 
 110     2.4609709776442106    0.88181704391668159  102  111     1.2040008299562981     1.2198442868302137  0  -1   0 
 111     2.4672021305911134     1.1015730067136842  110  122     1.2198442868302137     1.1388512509281623  0  -1   0 
 112     2.4941687470654403     1.8038990683516745  118  109     1.0545806246761005     1.2864319777390065  0  -1   0 
 113     2.5140418765716102     1.6808484374184309  123  115     1.0985059626305254     1.1644841808308026  0  -1   0 
 114     2.5185143887964538     1.7701883237303253  123  118     1.0632361442604605     1.0512232350466737  0  -1   0 
 115     2.5394806039392854     1.5183433085963125  120  113     1.0282535045912464     1.1644841808308026  0  -1   0 
 116     2.5417836972321082     1.5026817824223704  120  121     1.0377536090751254     1.1487981037336501  0  -1   0 
 117     2.5463648320301071     1.3421585728753926  122  119     1.1583719278673392     1.0173995575522183  0  -1   0 
 118     2.5481495806235102     1.8119684052766836  112  114     1.0545806246761005     1.0512232350466737  0  -1   0 
 119     2.5552461788444281     1.3571207345433038  117  121     1.0173995575522183     1.0120159853158495  0  -1   0 
 120       2.56310689945269     1.5338371358188183  115  116     1.0282535045912464     1.0377536090751254  0  -1   0 
 121     2.5672164231273893      1.356073282913421  119  116     1.0120159853158495     1.1487981037336501  0  -1   0 
 122     2.5768585750248589     1.1867500815546552  117  111     1.1583719278673392     1.1388512509281623  0  -1   0 
 123     2.5797139770390163     1.7542691422227665  113  114     1.0985059626305254     1.0632361442604605  0  -1   0 
 124    0.41593895624048194     1.5677357634567302    8    2      1.046732764491632     1.0586239848422665  0  -1   0 
 125    0.54843793815167197     1.9828354881573933   20   19     1.0059945201996092     1.0030192325188787  0  -1   0 
 126    0.54962676826500811     1.9818380385958496   17   11     1.0097558402380151     1.1574022192312494  0  -1   0 
