3 3
123
   1    0.32600506857966305     1.5668271835678591    4   12    0.10041742205333162    0.26910192235202762  0  -1   0 
   2    0.35776466184350592     1.4538794182980097    8    4    0.12500971786605705   0.081966782126114399  0  -1   0 
   3    0.40422038817309897     1.2362149766290855    5    8   0.032227711486381073    0.22976199095191771  0  -1   0 
   4    0.41214176385992918     1.5152119883436665    1    2    0.10041742205333162   0.081966782126114399  0  -1   0 
   5    0.41735482414069808     1.2656447571152267    3   14   0.032227711486381073    0.17781576970684979  0  -1   0 
   6    0.42955356012895091      1.860274547165814   12   11    0.19188039004029128    0.14055408932204541  0  -1   0 
   7    0.44926023972766044    0.95167201599249818   10   14    0.11591330895557178    0.25722196272011449  0  -1   0 
   8     0.4827622176789419     1.4521356877803417    2    3    0.12500971786605705    0.22976199095191771  0  -1   0 
   9     0.5038912933823928     2.0233535175103978   11   17    0.10244430837686637    0.19329348847777858  0  -1   0 
  10    0.52690310518247729    0.86560529398570252    7   15    0.11591330895557178    0.10601811506516566  0  -1   0 
  11    0.55038822196041703     1.9320689517195446    6    9    0.14055408932204541    0.10244430837686637  0  -1   0 
  12    0.55215758610603505     1.7126725929232471    1    6    0.26910192235202762    0.19188039004029128  0  -1   0 
  13    0.56272464084666651     0.8258973036403382   15   18   0.073080496797635314    0.14904982505583284  0  -1   0 
  14    0.57193255798578646     1.1777574875265289    7    5    0.25722196272011449    0.17781576970684979  0  -1   0 
  15    0.63175132575405024     0.8498988823985355   13   10   0.073080496797635314    0.10601811506516566  0  -1   0 
  16    0.65431490889845068     2.2164557564575817   17   24   0.073034641939492287    0.17060075041688186  0  -1   0 
  17    0.65536515693631292     2.1434286662629916   16    9   0.073034641939492287    0.19329348847777858  0  -1   0 
  18    0.66256352576116484    0.71522640679657024   13   19    0.14904982505583284   0.040948755104155694  0  -1   0 
  19    0.69291703052452636    0.74271213569650496   20   18   0.069904259791008963   0.040948755104155694  0  -1   0 
  20    0.70046191509130462    0.67321623471088665   21   19   0.059760712422000643   0.069904259791008963  0  -1   0 
  21    0.74049177012584466     0.6288433437176375   23   20    0.03437167336825761   0.059760712422000643  0  -1   0 
  22    0.75815612280611866    0.60926249848920033   25   23    0.10928713374304359   0.044301111836797261  0  -1   0 
  23    0.76489562031030545    0.65304797191780994   21   22    0.03437167336825761   0.044301111836797261  0  -1   0 
  24    0.81603165341617301     2.2707909254128076   27   16   0.098572136027179943    0.17060075041688186  0  -1   0 
  25    0.83136053994864068     0.5281157738936042   22   44    0.10928713374304359    0.27779430278525563  0  -1   0 
  26    0.85660629815597911     1.2488780683659368   28   29   0.070093523053348886    0.52929213825808819  0  -1   0 
  27     0.8932774127036921     2.3320245654569494   24   32   0.098572136027179943    0.17041977857384383  0  -1   0 
  28    0.91673156639040998     1.2128495505811585   26   33   0.070093523053348886    0.11416766703259512  0  -1   0 
  29    0.93712714508003137     1.7720095631475572   26   39    0.52929213825808819    0.14820551999431369  0  -1   0 
  30    0.95008485703908641    0.96275386296964549   31   33  0.0027190300588866606    0.14950942322696872  0  -1   0 
  31    0.95244854787175148    0.96140995445017541   35   30   0.083068389553779515  0.0027190300588866606  0  -1   0 
  32    0.96273216347730739       2.48764891613554   27   36    0.17041977857384383   0.083780075787469127  0  -1   0 
  33    0.96854943645114377     1.1111187069886943   28   30    0.11416766703259512    0.14950942322696872  0  -1   0 
  34     1.0079506969795127    0.40050771634671678   42   44    0.08059391610713941    0.16753397684740429  0  -1   0 
  35      1.030909092103822    0.98869182282215051   31   41   0.083068389553779515    0.11357144471430321  0  -1   0 
  36     1.0444047983778766     2.4689758926162382   32   37   0.083780075787469127   0.048358745797665449  0  -1   0 
  37     1.0517615809301886     2.5167717715766802   43   36   0.056110852779139499   0.048358745797665449  0  -1   0 
  38     1.0554649065147566     1.8094936805561745   39   40    0.11499224261666953   0.084366778843132512  0  -1   0 
  39     1.0636271224561862     1.6947914831363498   38   29    0.11499224261666953    0.14820551999431369  0  -1   0 
  40     1.0658842971729869     1.8932145839834382   38   56   0.084366778843132512    0.22609121283401057  0  -1   0 
  41     1.0824563516544214    0.88749225223354988   45   35   0.046296937003611559    0.11357144471430321  0  -1   0 
  42     1.0878187262929597     0.4113001770054816   34   47    0.08059391610713941    0.11659122005274378  0  -1   0 
  43     1.1053499401242479     2.5001370020113769   37   51   0.056110852779139499    0.15315420647849601  0  -1   0 
  44     1.1090910743888138    0.53406765590873784   34   25    0.16753397684740429    0.27779430278525563  0  -1   0 
  45     1.1227029260599724    0.86460951584703283   46   41   0.020100904969976911   0.046296937003611559  0  -1   0 
  46     1.1241296999296675    0.84455931143568586   49   45   0.034583976920611638   0.020100904969976911  0  -1   0 
  47     1.1478480012812118    0.51125015818493025   42   48    0.11659122005274378   0.091193638140390373  0  -1   0 
  48     1.1543209785016644    0.42028653796682347   47   58   0.091193638140390373    0.15682776647697813  0  -1   0 
  49     1.1587110932027356    0.84413658346310805   50   46   0.067323711360541619   0.034583976920611638  0  -1   0 
  50     1.2172365364371016    0.81086114799520592   52   49      0.037058772943931   0.067323711360541619  0  -1   0 
  51     1.2253687755104146     2.5952773725940377   53   43      0.137061227642469    0.15315420647849601  0  -1   0 
  52     1.2353350560351481    0.84319992101566787   50   55      0.037058772943931   0.039444378681965188  0  -1   0 
  53     1.2383972735005215     2.4588367688025619   54   51  0.0085038838446384116      0.137061227642469  0  -1   0 
  54     1.2465188606702047     2.4563156852481471   53   66  0.0085038838446384116    0.29144970934392911  0  -1   0 
  55     1.2747764879660117    0.84271778322486035   59   52   0.055706858016642248   0.039444378681965188  0  -1   0 
  56     1.2919171513801826     1.8983512501885271   40   57    0.22609121283401057    0.18110164910795856  0  -1   0 
  57     1.3091319575802476     1.7180696433698714   65   56    0.21355341464370151    0.18110164910795856  0  -1   0 
  58      1.309736241280242    0.44128759588358674   48   61    0.15682776647697813   0.089504067598300735  0  -1   0 
  59     1.3103709802741625    0.79986587372935092   60   55   0.052718472492357123   0.055706858016642248  0  -1   0 
  60     1.3421971584897934    0.84189362315891614   59   68   0.052718472492357123     0.2473982606453313  0  -1   0 
  61     1.3503599157868935    0.36153362929747379   62   58   0.080154195513626805   0.089504067598300735  0  -1   0 
  62     1.3740896096808033    0.43809469437717374   61   63   0.080154195513626805   0.039833569721830296  0  -1   0 
  63     1.4102204830193346    0.45486589792906368   62   64   0.039833569721830296   0.019459245662307004  0  -1   0 
  64     1.4295044647147845    0.45747171674770093   63   67   0.019459245662307004    0.11796013563596913  0  -1   0 
  65      1.433380041248919     1.8917575088373459   57   71    0.21355341464370151     0.1889911983439822  0  -1   0 
  66     1.4398678023581637     2.6743962204290912   54   69    0.29144970934392911    0.20764389061416397  0  -1   0 
  67     1.4407172884759645    0.34004571373918091   64   70    0.11796013563596913    0.19375499034477567  0  -1   0 
  68      1.589576936879314    0.83886961682841121   76   60    0.16167147781578897     0.2473982606453313  0  -1   0 
  69     1.5898373128287591      2.530781697352221   86   66    0.21497815850320964    0.20764389061416397  0  -1   0 
  70     1.5954328658965446    0.45668227055959021   73   67   0.099708674155101595    0.19375499034477567  0  -1   0 
  71      1.615411627551179     1.8409424063600575   72   65    0.15388013909367335     0.1889911983439822  0  -1   0 
  72     1.6295321247601573     1.6877115061928278   75   71   0.071963581174022573    0.15388013909367335  0  -1   0 
  73     1.6591427889047567    0.37998243084622502   70   87   0.099708674155101595    0.17098682722818859  0  -1   0 
  74     1.6731708718066907     1.6303523454400142   75   82    0.10223918395521892    0.13212826216771945  0  -1   0 
  75     1.6864683869440515     1.7317230849411185   72   74   0.071963581174022573    0.10223918395521892  0  -1   0 
  76     1.6965866936780782    0.96005781216529407   68   77    0.16167147781578897   0.047842901705833288  0  -1   0 
  77     1.7009769000035053    0.91241676545078321   79   76   0.092438364246467924   0.047842901705833288  0  -1   0 
  78      1.702716218973183     1.4351171868345436  100   97    0.38107368537300862    0.18057957853666071  0  -1   0 
  79     1.7315494755827625    0.99965304693396706   77   99   0.092438364246467924    0.24914875168829712  0  -1   0 
  80     1.7406849395249921     1.6208713889100268   98   82    0.20511936561084568    0.10277562686692129  0  -1   0 
  81     1.7601910940326824    0.50215696149421352   83   84   0.020992355804825565   0.021118117478896185  0  -1   0 
  82     1.7711117206769795     1.7190398179828081   80   74    0.10277562686692129    0.13212826216771945  0  -1   0 
  83     1.7784400423331024    0.49178127413553741   84   81    0.01347268271073818   0.020992355804825565  0  -1   0 
  84      1.781119006551626    0.50498492250029225   81   83   0.021118117478896185    0.01347268271073818  0  -1   0 
  85     1.7885643156093469     2.5100293836701768   96   88    0.10258947757578203   0.087351495044710015  0  -1   0 
  86     1.7936205192367061     2.5992507664237894   69   88    0.21497815850320964  0.0068245594712690134  0  -1   0 
  87     1.7968819761600765    0.48129586223518933   95   73   0.084879576614265581    0.17098682722818859  0  -1   0 
  88     1.7999254961537545     2.5966388939053893   85   86   0.087351495044710015  0.0068245594712690134  0  -1   0 
  89     1.8145284255523566     1.2364265244566737   99   90   0.095989970812688813   0.029854501644545173  0  -1   0 
  90      1.824402345491867     1.2646009272626302   89   94   0.029854501644545173    0.04873503790026245  0  -1   0 
  91     1.8321481301069411     1.2867028743242044   94   97    0.03876818093301751    0.15459550367423433  0  -1   0 
  92     1.8533497137611159     0.5147453619729353   95  105   0.077365585948835511    0.22097095582169438  0  -1   0 
  93     1.8595385539118854     2.4874895332652431  102  101      0.112406563797064   0.080101438120716531  0  -1   0 
  94     1.8704340263438186     1.2806068098401104   90   91    0.04873503790026245    0.03876818093301751  0  -1   0 
  95     1.8706689784287416    0.43934326014162434   92   87   0.077365585948835511   0.084879576614265581  0  -1   0 
  96     1.8747802312100093      2.565629894516853   85  101    0.10258947757578203   0.033946873738651871  0  -1   0 
  97     1.8832782291607491     1.4325983256824903   91   78    0.15459550367423433    0.18057957853666071  0  -1   0 
  98     1.8863194628915936     1.7653170179625481   80  100    0.20511936561084568   0.013081748719875243  0  -1   0 
  99     1.8964601183571099     1.1864138039670984   89   79   0.095989970812688813    0.24914875168829712  0  -1   0 
 100     1.8989194754421901     1.7617996562673612   78   98    0.38107368537300862   0.013081748719875243  0  -1   0 
 101     1.9061425859860559     2.5526378608219553   93   96   0.080101438120716531   0.033946873738651871  0  -1   0 
 102      1.964155457351594     2.5286056991778145   93  103      0.112406563797064   0.012582768959796866  0  -1   0 
 103     1.9757802469337007     2.5237900640309858  102  104   0.012582768959796866    0.22678312816120308  0  -1   0 
 104     2.0465235111669546     2.3083231807653557  103  108    0.22678312816120308    0.24742558674726342  0  -1   0 
 105     2.0723304461718111    0.54433593732436647   92  106    0.22097095582169438    0.15962835362627534  0  -1   0 
 106     2.0970002266382548    0.70204647347580018  107  105    0.21684434843997402    0.15962835362627534  0  -1   0 
 107     2.2716801408703104    0.83053148822163947  106  116    0.21684434843997402    0.18358261693687125  0  -1   0 
 108     2.2898340922079967       2.26338564488834  104  109    0.24742558674726342   0.068025953947052575  0  -1   0 
 109     2.2976234532328674     2.1958071256294014  108  123   0.068025953947052575   0.041347309453208948  0  -1   0 
 110     2.3193189444862434     2.1232996636287305  113  111   0.094902394871417814   0.092886011226051265  0  -1   0 
 111     2.3336740227245065     2.2150697176238081  110  123   0.092886011226051265   0.010063195522066639  0  -1   0 
 112     2.3659178084182755    0.89984757506393376  115  117    0.10218527936554593    0.14303060772853352  0  -1   0 
 113     2.4099549511205374     2.0951646524554834  110  118   0.094902394871417814    0.33739539702693322  0  -1   0 
 114     2.4443442771818349     1.0966572860598762  117  122    0.11794635222835187    0.30629135120913581  0  -1   0 
 115     2.4531374715483225    0.84660697324074075  116  112   0.018440750335139703    0.10218527936554593  0  -1   0 
 116      2.455249042994152    0.82828751530792755  115  107   0.018440750335139703    0.18358261693687125  0  -1   0 
 117     2.4811367406631026    0.98459633552422343  114  112    0.11794635222835187    0.14303060772853352  0  -1   0 
 118     2.5910565948102042      1.810493177614988  120  113     0.2593894707664961    0.33739539702693322  0  -1   0 
 119     2.5960729524437918     1.5671854901445126  120  121    0.04374152910429132   0.067222031771450905  0  -1   0 
 120     2.6382036971552383     1.5554244647453186  118  119     0.2593894707664961    0.04374152910429132  0  -1   0 
 121     2.6446236474234763     1.5206921403784268  119  122   0.067222031771450905    0.24371333496631339  0  -1   0 
 122     2.6889214267918997     1.2810384394192533  114  121    0.30629135120913581    0.24371333496631339  0  -1   0 
 123     2.3282724218253072     2.2235603366731538  109  111   0.041347309453208948   0.010063195522066639  0  -1   0 
