3 3
124
   1    0.38875099615091735     1.7500237161249175    7    5      2.104924337991648     2.2404761256841028  0  -1   0 
   2    0.39090501338043432     1.5068199776417484    5    4     2.0153174395102158     2.1374166056902788  0  -1   0 
   3    0.39471324810879638      1.380925916931937    6    4      2.128067252945629     2.0151639753216419  0  -1   0 
   4    0.40540259432862313     1.3701702660939801    3    2     2.0151639753216419     2.1374166056902788  0  -1   0 
   5     0.4058546253273082     1.5101566010527738    2    1     2.0153174395102158     2.2404761256841028  0  -1   0 
   6    0.40674013853848251     1.2534246417083847    8    3     2.0154654191211159      2.128067252945629  0  -1   0 
   7    0.41473236083185477     1.8516804197518879    1   19      2.104924337991648     2.0972968216973173  0  -1   0 
   8    0.41651719524930664     1.2654074773771697    6    9     2.0154654191211159        2.0128196404279  0  -1   0 
   9    0.41786967935336788       1.25265938075654   10    8     2.0088112785750227        2.0128196404279  0  -1   0 
  10    0.42374728456364208     1.2592238599528522    9   12     2.0088112785750227     2.2274339253499527  0  -1   0 
  11    0.43972735034944904     1.0466357380954066   17  124      2.057307291908951     2.0122164642744611  0  -1   0 
  12    0.43992330000072755     1.0323659155809015   10  123     2.2274339253499527      2.002386323105839  0  -1   0 
  13     0.4413233239672143     1.0315925846696816   21  123     2.1164006799190607     2.0029109295165872  0  -1   0 
  14    0.45016864943447482      1.990331192425095   16   15     2.0880680244635785     2.0024119173645438  0  -1   0 
  15    0.45076588841475301      1.992667996005592   14   20     2.0024119173645438     2.1017411301518649  0  -1   0 
  16    0.46884553860508305     1.9042663869362875   19   14     2.0355528044726641     2.0880680244635785  0  -1   0 
  17    0.47175632646916588     1.0941570006487134   11  124      2.057307291908951     2.0671223400140879  0  -1   0 
  18    0.47839216225735376    0.90276049790616197   21   22     2.1893305637306595      2.116150744423698  0  -1   0 
  19    0.50267025214090888     1.8933169275847572   16    7     2.0355528044726641     2.0972968216973173  0  -1   0 
  20    0.53010267674662104     2.0563620426800111   15   24     2.1017411301518649     2.0438837748065586  0  -1   0 
  21    0.54764565251371022     1.0789706464501154   13   18     2.1164006799190607     2.1893305637306595  0  -1   0 
  22    0.54847249232614759    0.81013359702079224   31   18     2.1546463350415603      2.116150744423698  0  -1   0 
  23    0.56534720889889511     2.1291069659350703   25   24      2.034696911275061     2.0684032790957572  0  -1   0 
  24    0.57371699194499803     2.0612176786887511   20   23     2.0438837748065586     2.0684032790957572  0  -1   0 
  25    0.58582138551204233     2.1010947588809463   27   23     2.0345722702107532      2.034696911275061  0  -1   0 
  26    0.59119536551219298     2.1306252266753769   27   28     2.0229808849100981     2.0295131436861484  0  -1   0 
  27     0.6127805207189001     2.1227383929663692   25   26     2.0345722702107532     2.0229808849100981  0  -1   0 
  28    0.61912806533484621     2.1401536017129574   26   29     2.0295131436861484     2.0111175205993401  0  -1   0 
  29    0.62077827014490572     2.1291592355028657   28   30     2.0111175205993401     2.0760381249718098  0  -1   0 
  30    0.68007209376408462      2.176762165348058   32   29     2.1173077300436516     2.0760381249718098  0  -1   0 
  31    0.69675392376328471    0.85404380121913492   22   33     2.1546463350415603     2.2432025600207122  0  -1   0 
  32    0.73235087698651535      2.281776604130429   30   35     2.1173077300436516      2.050816418991976  0  -1   0 
  33    0.74833072802546663    0.61637319205020824   31   38     2.2432025600207122     2.1095382020763771  0  -1   0 
  34    0.77030112859052746     1.1329743665037189   36   47     2.1548009230756628     2.2854860091805396  0  -1   0 
  35    0.77316034060945971     2.2514963115628923   32   62      2.050816418991976     2.6447461195385036  0  -1   0 
  36    0.79327866441594086    0.97988825141659175   34   42     2.1548009230756628     2.1059445722663077  0  -1   0 
  37     0.8184633541024835     1.4754963815422264   43   47     2.0694589796065923     2.1618243207831305  0  -1   0 
  38    0.83850711337761452    0.67855709060076674   39   33      2.123416648655001     2.1095382020763771  0  -1   0 
  39     0.8568261931969039    0.55650759047968301   44   38     2.0219190864963799      2.123416648655001  0  -1   0 
  40    0.85754278807920625    0.55173333063491514   41   44     2.0052568352528599     2.0225890569370533  0  -1   0 
  41    0.85832307490147441    0.54653472800048475   45   40      2.024909311654179     2.0052568352528599  0  -1   0 
  42    0.86796081003047143    0.90474286220939559   63   36     2.4442966752310578     2.1059445722663077  0  -1   0 
  43    0.86897379739615166     1.5231749403109869   37   50     2.0694589796065923     2.1211386554812628  0  -1   0 
  44    0.87839209765411486    0.56042653393145947   39   40     2.0219190864963799     2.0225890569370533  0  -1   0 
  45    0.87893261000451228    0.56052475551731495   41   49      2.024909311654179      2.106379038292189  0  -1   0 
  46    0.90137857376039676    0.49035820121754803   49   53     2.1213018632718974     2.1909149579118243  0  -1   0 
  47     0.9366675233363001     1.3649754099003488   34   37     2.2854860091805396     2.1618243207831305  0  -1   0 
  48    0.95137414979369272     1.6009554899987231   50   60     2.0592917342373958     2.4180790057927104  0  -1   0 
  49    0.98359756383086161    0.57954440926019835   46   45     2.1213018632718974      2.106379038292189  0  -1   0 
  50    0.98636139776088483      1.553086896656531   43   48     2.1211386554812628     2.0592917342373958  0  -1   0 
  51     1.0540472413146931    0.71750216110251341   52   64     2.0320823020450014     2.3946751646724524  0  -1   0 
  52     1.0766626061391555    0.69474651612454852   51   65     2.0320823020450014     2.2731673558958443  0  -1   0 
  53     1.0907389930446985    0.51467183449082055   55   46     2.0762717023044859     2.1909149579118243  0  -1   0 
  54     1.1244856179602316    0.43328965966665195   56   55     2.0110690182617148     2.0186490970115929  0  -1   0 
  55     1.1318453247347202       0.45042510642305   53   54     2.0762717023044859     2.0186490970115929  0  -1   0 
  56     1.1345062018780516    0.43799189990127491   54   75     2.0110690182617148     2.5436406345378777  0  -1   0 
  57     1.1447255870440738     2.4004575771721464   58   62     2.0766755421138674     2.2864850146524098  0  -1   0 
  58     1.1690834988865146     2.3277538572595358   66   57     2.1672337377814537     2.0766755421138674  0  -1   0 
  59     1.2446884205166022    0.71315525571380434   65   70     2.1469388140310333     2.2915623078068386  0  -1   0 
  60     1.2554004403319661     1.8879364471128817   61   48     2.0162313016335074     2.4180790057927104  0  -1   0 
  61     1.2706459439901903     1.8823660098836359   60   67     2.0162313016335074     2.0789734604543049  0  -1   0 
  62     1.2759273762937184     2.6551333595270523   57   35     2.2864850146524098     2.6447461195385036  0  -1   0 
  63     1.2939712096194234     1.0308962413295502   42   64     2.4442966752310578     2.0001404379334913  0  -1   0 
  64     1.2940737921557006     1.0308003265944243   63   51     2.0001404379334913     2.3946751646724524  0  -1   0 
  65      1.302676567845519     0.8481678100863751   59   52     2.1469388140310333     2.2731673558958443  0  -1   0 
  66     1.3273617849052979     2.3817455902129452   58   73     2.1672337377814537     2.4379942823614229  0  -1   0 
  67     1.3340676613311329     1.8353076075982495   68   61     2.0205958876345584     2.0789734604543049  0  -1   0 
  68     1.3406104623533204     1.8157785947650462   67   69     2.0205958876345584     2.0416236285169358  0  -1   0 
  69     1.3686200989486623     1.8465679875605001   68   83     2.0416236285169358     2.4578598005983125  0  -1   0 
  70      1.513795397084019    0.82536048953287955   72   59     2.0192967455507023     2.2915623078068386  0  -1   0 
  71     1.5172156985642478    0.82678659796089582   72   86     2.0180904987971862     2.3096754505945651  0  -1   0 
  72     1.5278906564720929    0.81218141325146054   71   70     2.0180904987971862     2.0192967455507023  0  -1   0 
  73     1.6042566368409583     2.7211100437917288   66   76     2.4379942823614229     2.2319727178582971  0  -1   0 
  74     1.6415478684708509    0.45158259044473115   75   79     2.0893350864723437     2.1250724275200765  0  -1   0 
  75     1.6736502362953527    0.36821475698912587   74   56     2.0893350864723437     2.5436406345378777  0  -1   0 
  76     1.6876777836567878     2.5046562286382485   80   73     2.0926619425436255     2.2319727178582971  0  -1   0 
  77     1.7159437102305888     1.5814522063384897   87   83     2.1150094820330478     2.1360300725746248  0  -1   0 
  78     1.7334049703646932     2.4760406542137665   97   80     2.3140672426087741     2.0720254092753025  0  -1   0 
  79     1.7578803894746309    0.49751576671929154   74   85     2.1250724275200765     2.0763051449437406  0  -1   0 
  80     1.7753776320219692     2.5345723144898824   76   78     2.0926619425436255     2.0720254092753025  0  -1   0 
  81     1.7776202916266299      1.326151451094147   93   91     2.1687643538053902     2.1527697196581195  0  -1   0 
  82     1.7794186066933295     0.5060199985506818   85   88     2.0739384745623868     2.0573867533641352  0  -1   0 
  83     1.7986720702930634     1.6894346080807701   69   77     2.4578598005983125     2.1360300725746248  0  -1   0 
  84     1.7999238872711718     1.4896460486469596   87   91     2.0916966368231353     2.1288330398935709  0  -1   0 
  85     1.8029070202800324    0.43591156505090423   82   79     2.0739384745623868     2.0763051449437406  0  -1   0 
  86     1.8030407932190282    0.94596251820711275   90   71     2.2773389288671932     2.3096754505945651  0  -1   0 
  87      1.830822925529755      1.575979834845461   84   77     2.0916966368231353     2.1150094820330478  0  -1   0 
  88     1.8327952447217262    0.52709543388335323   82   95     2.0573867533641352     2.1668856688750169  0  -1   0 
  89     1.8329393857173799     1.1904995203072193   90   92     2.0626731355980201     2.0981535985282411  0  -1   0 
  90     1.8930330326611029     1.2082948995583336   89   86     2.0626731355980201     2.2773389288671932  0  -1   0 
  91     1.9033866530319827     1.4128775116715684   81   84     2.1527697196581195     2.1288330398935709  0  -1   0 
  92     1.9084430000036892     1.2532158111234608   89   94     2.0981535985282411     2.1313859580488779  0  -1   0 
  93     1.9336748635322738     1.3904039039866021   81   94     2.1687643538053902     2.0216677655643109  0  -1   0 
  94     1.9510757333323843     1.3774925990661246   93   92     2.0216677655643109     2.1313859580488779  0  -1   0 
  95     1.9546964629745611    0.41311771911271727   88   96     2.1668856688750169     2.1754032010354107  0  -1   0 
  96     1.9826760581628626    0.58627494589395057   95  110     2.1754032010354107     2.4146319309050241  0  -1   0 
  97     2.0172622491788288     2.6104403496900308   78   99     2.3140672426087741     2.1440919218128931  0  -1   0 
  98      2.142305605300443      2.235850601830272  101  102     2.2932982800061166     2.1079890044744998  0  -1   0 
  99     2.1541382541748195     2.5654132335479725  100   97     2.0420988335959285     2.1440919218128931  0  -1   0 
 100     2.1711628904164133     2.5269103303979619  101   99     2.0008363950820609     2.0420988335959285  0  -1   0 
 101      2.171444730672885     2.5276978091615661  100   98     2.0008363950820609     2.2932982800061166  0  -1   0 
 102     2.2496315247290029     2.2477993300558126  104   98     2.0088661014927784     2.1079890044744998  0  -1   0 
 103     2.2511812068847323     2.2479718580994894  109  104      2.041541205910876     2.0083203764680237  0  -1   0 
 104     2.2525084390219758     2.2561856951701595  102  103     2.0088661014927784     2.0083203764680237  0  -1   0 
 105     2.2577558694628563     2.2886604503178036  106  107     2.0314633862167013     2.0195512835688074  0  -1   0 
 106     2.2627747790631365     2.3197209593066392  105  107     2.0314633862167013      2.016991832432907  0  -1   0 
 107     2.2696462227954002     2.3041805078826192  105  106     2.0195512835688074      2.016991832432907  0  -1   0 
 108     2.2814664941143583    0.96394578914549145  110  122     2.2415562175441313     2.3923439727252971  0  -1   0 
 109     2.2924673372667259     2.2525682943941447  103  111      2.041541205910876     2.3197878943903749  0  -1   0 
 110     2.3683340226499112    0.73854960745566667   96  108     2.4146319309050241     2.2415562175441313  0  -1   0 
 111      2.421788558579324     1.9600955279408432  113  109     2.0598583976369209     2.3197878943903749  0  -1   0 
 112     2.4466837359642994     1.9251968801219279  115  114     2.0415418561806433     2.0426802847237635  0  -1   0 
 113     2.4802095378713802     1.9731345825928051  111  114     2.0598583976369209      2.031049405431566  0  -1   0 
 114     2.4856686221180002     1.9425688505249799  112  113     2.0426802847237635      2.031049405431566  0  -1   0 
 115     2.4869392497172722       1.93545453226155  112  117     2.0415418561806433     2.2091102665604643  0  -1   0 
 116     2.5137649618338811     1.2423018124814822  121  120     2.1081811910323562     2.0977824058951144  0  -1   0 
 117     2.5237048671621136     1.7296016893011286  115  119     2.2091102665604643     2.0890440917907154  0  -1   0 
 118     2.5397201250574137     1.6399313234100088  119  120     2.0216222855510657     2.3656954326075232  0  -1   0 
 119     2.5597140185497809      1.648163422502446  118  117     2.0216222855510657     2.0890440917907154  0  -1   0 
 120      2.604016434357399     1.2799325261336789  116  118     2.0977824058951144     2.3656954326075232  0  -1   0 
 121     2.6166878634420332     1.2089844533763887  122  116     2.0608597983107959     2.1081811910323562  0  -1   0 
 122     2.6273881896348552     1.1490727010251349  121  108     2.0608597983107959     2.3923439727252971  0  -1   0 
 123    0.44101619086273003     1.0344872659831719   12   13      2.002386323105839     2.0029109295165872  0  -1   0 
 124    0.44101622610972235     1.0344874543218125   17   11     2.0671223400140879     2.0122164642744611  0  -1   0 
