1 1
28
   1                    0.5                    0.5    3    2    0.15036440076304228    0.10459266241101332  5 -1    1 
   2    0.57285490266463601    0.42495475905861446    1   16    0.10459266241101332    0.58499397005337872  4 -1    2 
   3    0.37048894354013712     0.4236040624674387    1   26    0.15036440076304228    0.91122174040327064  1 -1    3 
   4                      0    0.40567973908274491    9    0    0.95227244961281965                      0  2 -1    4 
   5    0.32346061001423076    0.38791500378874588    8   17   0.066296550689357081    0.22064218276116759  5 -1    5 
   6    0.69134950538155704    0.38379451084821198   11    7   0.064164819465545142   0.015012831064644315  5 -1    6 
   7    0.69683932715534014    0.36982143124965366    6   19   0.015012831064644315    0.28094508033683024  5 -1    7 
   8    0.26065278541151227    0.36669214342590495   18    5     0.1670826095512904   0.066296550689357081  5 -1    8 
   9   0.037302460065913819     0.3450554850883345    4   12    0.95227244961281965   0.079943437549481952  4 -1    9 
  10                      1     0.3416285382566342   19    0    0.74491244203251106                      0  3 -1   10 
  11    0.67555586224789377    0.32160379696251606   13    6   0.060069260417806671   0.064164819465545142  5 -1   11 
  12   0.036040155563709347    0.30513309608452632    9   18   0.079943437549481952    0.24624473803688871  1 -1   12 
  13    0.61811947749256468    0.30401465959367163   14   11   0.022322689721666126   0.060069260417806671  5 -1   13 
  14    0.60720048201476085    0.28454473370358468   15   13   0.022669621450787283   0.022322689721666126  5 -1   14 
  15    0.59206191964470034    0.26767062139834674   16   14     0.1463489278517805   0.022669621450787283  5 -1   15 
  16    0.55264602313067479    0.25147279968497088   15    2     0.1463489278517805    0.58499397005337872  1 -1   16 
  17    0.45669730681522169    0.21204301784677362    5   24    0.22064218276116759     1.0122836960259807  4 -1   17 
  18    0.25853528043694601    0.19962295240867509   12    8    0.24624473803688871     0.1670826095512904  5 -1   18 
  19    0.91792848942680194    0.19647287921771067    7   10    0.28094508033683024    0.74491244203251106  5 -1   19 
  20                      1    0.19368779558156923   28    0    0.56481899177812389                      0  3 -1   20 
  21                      0   0.091372527763895456   25    0    0.73299919182203788                      0  2 -1   21 
  22    0.59611166918679659   0.077863637900813673   27   24     1.1254805506490497     1.9511358266063681  4 -1   22 
  23                      0   0.070783854464139623   25    0    0.99627705056838278                      0  2 -1   23 
  24    0.23692472324867586   0.061236411033588921   22   17     1.9511358266063681     1.0122836960259807  1 -1   24 
  25   0.064135474061883357   0.041104882005036619   21   23    0.73299919182203788    0.99627705056838278  4 -1   25 
  26    0.78122392791021245                      0    3    0    0.91122174040327064                      0  3 -1   26 
  27    0.58766881865247755                      0   22    0     1.1254805506490497                      0  2 -1   27 
  28    0.93974408468815018                      0   20    0    0.56481899177812389                      0  2 -1   28 
