1 1
21
   1                      0    0.73297736033490835    4    0   0.028396068501222119                      0  2 -1    1 
   2                      0    0.79971188362470014    8    0    0.29527331740369667                      0  2 -1    2 
   3  0.0061141123589463367                      0    5    0    0.27479526224293616                      0  2 -1    3 
   4     0.0256081691461311    0.74524758361361187    1    6   0.028396068501222119   0.092266960001008994  5 -1    7 
   5    0.10120540104918853    0.25781792599893644    3    7    0.27479526224293616    0.17712570790927343  5 -1    9 
   6    0.10640325820780468    0.70069036768460624    4    9   0.092266960001008994    0.23558094987480768  5 -1   10 
   7    0.21327564209224803    0.12065460191078309    5   10    0.17712570790927343   0.060266080437605937  5 -1   11 
   8    0.25488864902755176    0.94876928386867909    2   12    0.29527331740369667    0.24327191799723349  5 -1    8 
   9    0.25572920170484725     0.8828994413956448    6   19    0.23558094987480768    0.94962505656922935  5 -1   12 
  10    0.27146881474567575    0.13632479998995051    7   11   0.060266080437605937    0.20438922587640279  5 -1   13 
  11    0.29726287530547696     0.3390798790735397   10   18    0.20438922587640279    0.55969902636185065  5 -1   16 
  12    0.31529925960749611                      1    8    0    0.24327191799723349                      0  3 -1   14 
  13    0.42189428343844643                      0   18    0    0.61196895441431653                      0  2 -1    4 
  14    0.45047892706212983                      1   15    0  0.0021202940016851976                      0  2 -1    5 
  15    0.45242235285588273    0.99915221297617973   14   16  0.0021202940016851976    0.36301834393428256  5 -1   21 
  16    0.45296680024141595                      1   15    0    0.36301834393428256                      0  3 -1   22 
  17    0.54655736707613167                      1   21    0    0.80213820245715561                      0  2 -1    6 
  18     0.5915599184964806    0.37855864290529007   13   11    0.61196895441431653    0.55969902636185065  4 -1   20 
  19    0.88035788604717657    0.16761854918554053    9   20    0.94962505656922935    0.26249952504374086  5 -1   15 
  20                      1    0.28362780126103337   19    0    0.26249952504374086                      0  3 -1   24 
  21                      1    0.88993462496608877   17    0    0.80213820245715561                      0  3 -1   23 
