1 1
11
   1    0.49595106818015533                      1    5    0     2.6971601744753912                      0  3 -1    1 
   2    0.80474481916940288                      1    3    0   0.092881720809742996                      0  2 -1    2 
   3    0.82232330340605664     0.9087968698315636    2    4   0.092881720809742996     1.3079845915806778  5 -1    3 
   4                      1    0.89076395344082848    3    0     1.3079845915806778                      0  3 -1    4 
   5                      0    0.50017460815314052    1    0     2.6971601744753912                      0  2 -1    5 
   6                    0.5                    0.5    8    7    0.12519713150654535   0.022877079838182442  1 -1    6 
   7    0.50331374902915715    0.47736419099536459    6    8   0.022877079838182442    0.32162133689566519  5 -1    7 
   8    0.51370158977840019    0.47653480778061102    7    6    0.32162133689566519    0.12519713150654535  4 -1    8 
   9    0.24703005234718536   0.079721927173877119   10   11   0.080977923573382946    0.69620201785370184  5 -1    9 
  10    0.23282306695479185                      0    9    0   0.080977923573382946                      0  2 -1   10 
  11    0.38718523776831415                      0    9    0    0.69620201785370184                      0  3 -1   11 
