1 1
8
   1                      0    0.50017460815314052    5    0     2.6971601744753912                      0  2 -1    1 
   2    0.23282306695479185                      0    3    0   0.080977923573382946                      0  2 -1    2 
   3    0.24703005234718536   0.079721927173877119    2    4   0.080977923573382946    0.69620201785370184  5 -1    5 
   4    0.38718523776831415                      0    3    0    0.69620201785370184                      0  3 -1    6 
   5    0.49595106818015533                      1    1    0     2.6971601744753912                      0  3 -1    4 
   6    0.80474481916940288                      1    7    0   0.092881720809742996                      0  2 -1    3 
   7    0.82232330340605664     0.9087968698315636    6    8   0.092881720809742996     1.3079845915806778  5 -1    7 
   8                      1    0.89076395344082848    7    0     1.3079845915806778                      0  3 -1    8 
