3 3
96
   1                      0    0.27948824594135685    2    0   0.014906370950209285                      0  2 -1    1 
   2  0.0071240071544184476    0.26639441468503472    1    5   0.014906370950209285    0.73046567121473804  5 -1    9 
   3     0.5421535174253751                      3   18    0     1.2265010547019182                      0  2 -1    5 
   4    0.67664168548686021                      3   11    0     0.2792015773724365                      0  2 -1    6 
   5    0.73116231422362776    0.36308271138919201    2   10    0.73046567121473804    0.26820509089418887  5 -1   10 
   6    0.76136522943226337     1.6082572856025106   15    8    0.46052487809847381    0.33040340385090256  1 -1   14 
   7    0.78984180577288077   0.019172674519555958    9   41   0.083631258282055296    0.97971240567090423  1 -1   17 
   8    0.83669728738987315     1.2865563525604475    6   13    0.33040340385090256    0.39971911482892231  5 -1   16 
   9    0.85053647025400225   0.076708272764155164    7   10   0.083631258282055296    0.15588631324750554  5 -1   18 
  10    0.85514846320958804    0.19089434701944505    9    5    0.15588631324750554    0.26820509089418887  4 -1   22 
  11    0.87423246211721495     2.8027402580406484    4   20     0.2792015773724365    0.53976028736998916  5 -1   12 
  12    0.89664788264524009     0.6465480479628537   22   17    0.31021970066759175    0.46518565984121674  1 -1   24 
  13    0.92912149467135774     1.6754434012879751    8   14    0.39971911482892231    0.27839057563147862  5 -1   20 
  14    0.98176362562444153      1.402075300279199   13   39    0.27839057563147862    0.68087384489113811  5 -1   27 
  15    0.98527840221470997     2.0106825015148742    6   18    0.46052487809847381     1.5206874640448549  5 -1   15 
  16      1.086817277602109                      3   20    0    0.15778658278799407                      0  2 -1    7 
  17      1.103938476162404    0.23010080285105075   12   25    0.46518565984121674     0.2905417803917536  5 -1   26 
  18     1.1104072100771458     1.9618563268936349   15    3     1.5206874640448549     1.2265010547019182  4 -1   30 
  19     1.1278756779722126                      0   44    0    0.63167153732234926                      0  2 -1    2 
  20     1.1324325698411883     2.8914133442456391   16   11    0.15778658278799407    0.53976028736998916  4 -1   32 
  21     1.1610967215573826    0.75148954137763457   32   26    0.40118253664365988    0.29369978632313448  1 -1   35 
  22     1.2064866390739528    0.63117899799224519   12   26    0.31021970066759175     1.6784368487648922  5 -1   25 
  23     1.2681076068159454    0.60812261682381974   30   28    0.64442819579258281    0.10186449007801444  1 -1   40 
  24     1.2855182495284558     2.3945429136019865   29   35    0.46652228789948386    0.27406032649890849  1 -1   43 
  25     1.3081804372202082    0.43673997507275814   17   27     0.2905417803917536   0.083752180448523422  5 -1   33 
  26     1.3171379805728085      0.799644449678936   22   21     1.6784368487648922    0.29369978632313448  4 -1   39 
  27     1.3173623331694075    0.51998732047584051   25   31   0.083752180448523422    0.15424930465573269  5 -1   46 
  28     1.3660060056627066    0.57997518635327083   23   30    0.10186449007801444    0.52282570905247183  5 -1   42 
  29     1.4049049457531451     2.8455305651752005   24   40    0.46652228789948386    0.30022722078197145  5 -1   44 
  30     1.4219730326599165    0.82115763594234004   28   23    0.52282570905247183    0.64442819579258281  4 -1   49 
  31     1.4492658144307462    0.59995181020669974   27   42    0.15424930465573269     0.8601868122966092  5 -1   47 
  32     1.4580610230988684      1.021229474123639   21   52    0.40118253664365988     1.7024024026704774  5 -1   36 
  33     1.4751284442476056     1.8170963720498126   34   37   0.025205290164446479    0.28262009027986523  1 -1   53 
  34      1.496378474116864       1.83065155123821   33   37   0.025205290164446479   0.064581720508692278  5 -1   54 
  35     1.4984256868562607     2.5671102502888439   24   38    0.27406032649890849     1.5248720336501813  5 -1   45 
  36      1.523697167222805     2.8296251054059831   60   38    0.45960519220420643     0.5990275089909205  1 -1   60 
  37     1.5244944287238467     1.8056958778652004   34   33   0.064581720508692278    0.28262009027986523  4 -1   57 
  38     1.5355103966682826     2.8189256761130248   36   35     0.5990275089909205     1.5248720336501813  4 -1   64 
  39     1.5517696526623872     1.7744760545712093   14   51    0.68087384489113811    0.36967239000943342  5 -1   28 
  40     1.5766442251302708                      3   29    0    0.30022722078197145                      0  3 -1   50 
  41     1.6367167440847479    0.51175691775592025    7   42    0.97971240567090423    0.37390312642294637  5 -1   19 
  42     1.6387023834403218     0.5891215710059019   41   31    0.37390312642294637     0.8601868122966092  4 -1   67 
  43     1.6543513277097459    0.76004133036362076   52   55     0.3487163434384728    0.16898559669646179  1 -1   68 
  44     1.6564366469656042    0.34587892841274226   19   65    0.63167153732234926    0.50924069838311092  5 -1   34 
  45     1.6780229266724955                      3   54    0    0.23350141574584521                      0  2 -1    8 
  46     1.6833916139512144     1.3646228710956048   49   47    0.70357886512883372  0.0057094361433523413  1 -1   74 
  47     1.6843690051899993     1.3589977162140603   46   48  0.0057094361433523413   0.012355514523436867  5 -1   76 
  48     1.6952623421369664     1.3531672831856565   47   49   0.012355514523436867    0.82528124500716105  5 -1   77 
  49     1.6996378059747177     1.3660125951257835   48   46    0.82528124500716105    0.70357886512883372  4 -1   79 
  50     1.7080647754628013     1.7389460703073749   56   53    0.44648425901560956     0.3414207401343069  1 -1   80 
  51     1.7424051421650155     1.4577493804855239   39   53    0.36967239000943342    0.69237271609004492  5 -1   65 
  52     1.7520471275592313    0.91138051114220475   43   32     0.3487163434384728     1.7024024026704774  4 -1   70 
  53     1.7731067060382504      1.460601921554062   51   50    0.69237271609004492     0.3414207401343069  4 -1   84 
  54     1.7959932141156145      2.798490887461877   45   59    0.23350141574584521    0.14052023539776809  5 -1   73 
  55     1.8178240792910094    0.80285244318856064   43   63    0.16898559669646179    0.22125586135187661  5 -1   71 
  56     1.8764892798351518     2.1524450181605057   50   57    0.44648425901560956   0.030715504525439641  5 -1   81 
  57     1.9071721166590812     2.1510287757065365   56   61   0.030715504525439641    0.12220527130504177  5 -1   87 
  58     1.9149928886516439     2.0841950304266974   61   64    0.17349258169642354    0.33805592507450039  1 -1   89 
  59     1.9331655087127835     2.8289818394180171   54   60    0.14052023539776809    0.19834405935931082  5 -1   85 
  60     1.9337670354708016     2.7586365744881092   59   36    0.19834405935931082    0.45960519220420643  4 -1   94 
  61     1.9826045468725326     2.0751572768798305   58   57    0.17349258169642354    0.12220527130504177  4 -1   91 
  62     1.9849135776827764     1.8013694210915685   64   66    0.77332104573569538    0.28446312283090397  1 -1   95 
  63     1.9903484988833198    0.66432634157988435   55   65    0.22125586135187661    0.89210921730380655  5 -1   86 
  64     2.0920806045796785     1.7997270751720462   62   58    0.77332104573569538    0.33805592507450039  4 -1   97 
  65     2.1117470897890414    0.27357092952122625   63   44    0.89210921730380655    0.50924069838311092  4 -1  100 
  66     2.1493243966011053      1.569230775292739   62   67    0.28446312283090397   0.017561453232250966  5 -1   98 
  67     2.1531391588777598     1.5520886567421879   66   68   0.017561453232250966    0.08662195464263496  5 -1  101 
  68     2.2059439827383756     1.6207546133958315   67   76    0.08662195464263496    0.31824689000908335  5 -1  102 
  69     2.2412038385660438                      0   75    0    0.63319589574368285                      0  2 -1    3 
  70     2.3083878196984036     1.2524589389806888   72   71    0.15068036465776299    0.33729389382870928  1 -1  105 
  71      2.327390646861824    0.91570077148666984   70   79    0.33729389382870928    0.40866666700792287  5 -1  107 
  72     2.3306621567324686     1.4014838570416941   70   79    0.15068036465776299    0.43842302708869108  5 -1  106 
  73     2.3355799400205859     2.6408730920594525   80   76    0.54203743233022728     1.2181815787326817  1 -1  111 
  74     2.3987090849750041   0.094410716134314759   77   75    0.59131676657363108     1.3989249718133399  1 -1  115 
  75      2.398746920635523   0.094168946529406869   74   69     1.3989249718133399    0.63319589574368285  4 -1  119 
  76     2.4075938978942917     1.5340493824504835   73   68     1.2181815787326817    0.31824689000908335  4 -1  114 
  77     2.4987685523545857                      0   74    0    0.59131676657363108                      0  3 -1  116 
  78     2.5358399942427079     2.9528284859623892   96   80    0.88195244135638273     0.5781408811558294  1 -1  120 
  79     2.5585577099534218     1.0482972736996681   72   71    0.43842302708869108    0.40866666700792287  4 -1  110 
  80     2.6215467952633373     2.7478890449731517   78   73     0.5781408811558294    0.54203743233022728  4 -1  123 
  81     2.6817761868417991                      0   82    0   0.029662602577413679                      0  2 -1    4 
  82     2.6829841302168203   0.029637996971258556   81   83   0.029662602577413679     1.0664670833147203  5 -1  124 
  83     2.7281853085742394                      0   82    0     1.0664670833147203                      0  3 -1  125 
  84     2.7300173408689874    0.41751107965480116   91   87    0.72510267322818822    0.29933555153869107  1 -1  126 
  85     2.7603031165399941    0.94621616692571719   93   86     1.0803027287838043    0.05932071106991843  1 -1  129 
  86     2.8178100787330989    0.96077281699232153   85   92    0.05932071106991843    0.25650762804810906  5 -1  131 
  87     2.9520422071048693    0.21674571613830426   84   89    0.29933555153869107   0.027955660072155965  5 -1  128 
  88     2.9731452868453321     2.5030662792283418   95   94    0.21434749353434077    0.13587891226036128  1 -1  134 
  89     2.9795233020313519    0.22187488290412455   87   90   0.027955660072155965     1.5164846254961588  5 -1  133 
  90                      3    0.21115136711407656   89    0     1.5164846254961588                      0  3 -1  137 
  91                      3    0.60191626701614642   84    0    0.72510267322818822                      0  3 -1  127 
  92                      3    0.88707691767132557   86    0    0.25650762804810906                      0  3 -1  132 
  93                      3     1.3302713560886661   85    0     1.0803027287838043                      0  3 -1  130 
  94                      3     2.4560461859213718   88    0    0.13587891226036128                      0  3 -1  136 
  95                      3     2.5378025995493592   88    0    0.21434749353434077                      0  3 -1  135 
  96                      3     2.8026089664825204   78    0    0.88195244135638273                      0  3 -1  121 
