5 5
140
   1           5   0.9970075    2    0   0.4301331           0  2  -1   57 
   2    4.743277   0.9398935    1    3   0.4301331   0.3707079  7  -1   55 
   3    4.909964    1.271012    2    4   0.3707079    0.402056  7  -1   59 
   4           5    1.489777    3    0    0.402056           0  5  -1   26 
   5    4.282516   0.6957132   10    6   0.9585868   0.1800221  1  -1   22 
   6    4.111013   0.7504364    5   10   0.1800221    0.675214  7  -1   23 
   7    4.319969    1.409174   35    8   0.9163316   0.5692113  1  -1   14 
   8    4.324175    1.416675    7   18   0.5692113    2.274942  7  -1   24 
   9    4.815988    2.615396   12   11    0.863541  0.03136988  1  -1   11 
  10    3.967098    1.333559    6    5    0.675214   0.9585868  6  -1    9 
  11    4.826216    2.645052    9   12  0.03136988   0.8257192  7  -1   12 
  12    4.767495    2.624189   11    9   0.8257192    0.863541  6  -1   49 
  13    4.335186    2.120492   21   16    1.252659   0.4592924  1  -1   48 
  14           5    3.196796   22    0   0.4770696           0  2  -1   44 
  15    3.526315    0.999889   19   30    0.571617    1.593832  1  -1   56 
  16    4.233146    2.100643   13   20   0.4592924  0.06963708  7  -1   51 
  17    4.065787    1.845725   18   20   0.4477872   0.3517254  1  -1    4 
  18     4.04021    1.853103   17    8   0.4477872    2.274942  6  -1   76 
  19    3.472034    1.014747   15   25    0.571617   0.4896318  7  -1   73 
  20    4.210257    2.166411   17   16   0.3517254  0.06963708  6  -1   71 
  21    4.210257    2.166411   13   33    1.252659   0.3581159  7  -1  105 
  22    4.962556    3.338771   14   23   0.4770696  0.07905932  7  -1    3 
  23    4.909248    3.397155   22   24  0.07905932  0.03486704  7  -1   34 
  24    4.878712    3.380325   23   26  0.03486704   0.2166499  7  -1   79 
  25    3.108521   0.6867263   19   39   0.4896318   0.4391609  7  -1   81 
  26    4.939085    3.588393   24   40   0.2166499   0.9125916  7  -1   80 
  27    3.750605    1.837246   29   28  0.03770855   0.2134692  1  -1   13 
  28    3.732821    1.827876   27   29   0.2134692   0.3625687  7  -1   82 
  29    3.715118    1.849996   28   27   0.3625687  0.03770855  6  -1  111 
  30    3.526768    1.668102   15   31    1.593832  0.04195009  7  -1   83 
  31    3.496755    1.697411   30   35  0.04195009  0.07763679  7  -1  104 
  32    4.044107    2.549577   37   36   0.8113281   0.6046867  1  -1  113 
  33    3.890905    2.328466   21   36   0.3581159   0.1373996  7  -1  120 
  34    4.090706    2.682057   37   44   0.9003584   0.8697679  1  -1   32 
  35    3.478953     1.77298   31    7  0.07763679   0.9163316  6  -1   40 
  36    3.866247    2.399022   32   33   0.6046867   0.1373996  6  -1  112 
  37    3.984292     2.59795   34   32   0.9003584   0.8113281  6  -1   37 
  38    2.588541   0.4821227   58   39    1.404187    1.723131  1  -1    1 
  39    2.783606   0.9218359   38   25    1.723131   0.4391609  6  -1   20 
  40    4.999887     4.39379   26   41   0.9125916  0.01870791  7  -1   21 
  41    4.995763    4.397703   40   43  0.01870791  0.03261466  7  -1   16 
  42           5    4.419119   43    0   0.7434981           0  2  -1   36 
  43    4.964339    4.406434   42   41   0.7434981  0.03261466  6  -1   33 
  44    4.097301    3.433604   34   48   0.8697679    1.487323  7  -1    2 
  45    3.232453    2.574047   52   46   0.3053895    1.057579  1  -1  107 
  46    2.817476    2.013088   45   53    1.057579   0.4720014  7  -1  108 
  47    3.269062    2.850965   69   50   0.5403625    1.025399  1  -1  106 
  48     3.87092    3.920092   44   49    1.487323   0.2276716  7  -1   17 
  49    3.848783    4.028641   48   56   0.2276716   0.1976429  7  -1    7 
  50    2.981644    2.716074   47   52    1.025399  0.02780581  7  -1   18 
  51    3.740638     3.87584   73   56   0.3506328   0.1470677  1  -1   47 
  52     2.97215     2.70816   50   45  0.02780581   0.3053895  6  -1    8 
  53    2.373789    1.852069   46   54   0.4720014   0.7380129  7  -1   69 
  54    2.319583    1.823128   53   72   0.7380129    0.432305  7  -1   27 
  55     4.32398    4.932865   57   59   0.4089435   0.2270303  1  -1   29 
  56    3.715983    4.020827   51   49   0.1470677   0.1976429  6  -1   45 
  57    4.289713           5   55    0   0.4089435           0  5  -1   86 
  58    1.615135    1.012129   38   64    1.404187   0.6150969  7  -1   28 
  59    4.212783           5   55    0   0.2270303           0  5  -1   10 
  60    1.245367   0.5357721   62   61    0.582786   0.3662974  1  -1   50 
  61    1.244617   0.5366496   60   62   0.3662974 0.0008183818  7  -1   30 
  62    1.244549   0.5374652   61   60 0.0008183818    0.582786  6  -1   31 
  63    1.737418     1.29195   65   68   0.5639398   0.2384887  1  -1   93 
  64    1.495263   0.9233393   58   74   0.6150969   0.1388364  7  -1   52 
  65    1.766587    1.352833   63   67   0.5639398  0.07485192  7  -1    5 
  66    1.266228   0.6502293   70   78   0.3698763   0.3423243  1  -1   97 
  67     1.77156     1.42752   65   68  0.07485192 0.003687276  7  -1   35 
  68    1.768843    1.430012   63   67   0.2384887 0.003687276  6  -1   91 
  69     2.91298    3.176182   47   86   0.5403625   0.7109296  7  -1    6 
  70    1.453607   0.9614093   66   75   0.3698763   0.3714533  7  -1  114 
  71     3.43843    4.030651   73   76   0.1671757   0.2092274  1  -1  103 
  72     2.13125    2.038966   54   94    0.432305   0.9670129  7  -1  101 
  73    3.466319    4.094227   71   51   0.1671757   0.3506328  6  -1   15 
  74     1.45776    1.057015   64   75   0.1388364   0.1552144  7  -1   46 
  75    1.445347    1.064367   70   74   0.3714533   0.1552144  6  -1   19 
  76    3.445373    4.132852   71   81   0.2092274   0.5257744  7  -1  127 
  77    1.371398   0.9781323   87   78    1.035437   0.2745045  1  -1  124 
  78    1.368615    0.976883   66   77   0.3423243   0.2745045  6  -1  125 
  79    3.241989    4.118316   81   80   0.1767523   0.1702051  1  -1  110 
  80    3.230622    4.105102   79   83   0.1702051    1.032839  7  -1  134 
  81    3.236857    4.122992   76   79   0.5257744   0.1767523  6  -1   89 
  82     3.01878    4.287709  106   83    0.910733   0.5616114  1  -1   88 
  83    2.960888    4.216517   82   80   0.5616114    1.032839  6  -1   53 
  84   0.1673062           0   95    0   0.6177249           0  2  -1   90 
  85    1.067905    1.486706   92   87    1.106531   0.2436917  1  -1  135 
  86    2.473337    3.734873   69   93   0.7109296   0.1673135  7  -1  137 
  87   0.9831248    1.489936   85   77   0.2436917    1.035437  6  -1  136 
  88     1.78111    2.742968   89   90    0.702182    1.055582  1  -1  138 
  89    1.763101    2.772421   88   90    0.702182  0.00932887  7  -1  139 
  90    1.754135    2.769843   89   88  0.00932887    1.055582  6  -1  140 
  91    2.265191    3.564086   97  103     1.20446   0.4599341  1  -1  115 
  92    0.920807    1.591226   85   96    1.106531  0.09115096  7  -1  128 
  93    2.307841    3.710276   86   97   0.1673135  0.09492211  7  -1   72 
  94    1.306397    2.215044   72   98   0.9670129    2.598919  7  -1   39 
  95   0.1505101   0.4583575   84  100   0.6177249   0.4855809  7  -1   42 
  96   0.9297519    1.665204   92  109  0.09115096   0.5811852  7  -1   41 
  97      2.2301    3.655811   93   91  0.09492211     1.20446  6  -1   98 
  98    1.508025    2.573099   94   99    2.598919   0.5319033  7  -1   99 
  99    1.463988    2.579011   98  102   0.5319033   0.4843569  7  -1  121 
 100           0   0.4141028   95    0   0.4855809           0  5  -1  122 
 101    2.046696    3.534806  110  103    0.439707  0.07053168  1  -1   38 
 102     1.50317    2.725434   99  110   0.4843569   0.7433042  7  -1   94 
 103    2.074609    3.599579  101   91  0.07053168   0.4599341  6  -1  133 
 104    2.714227    4.627122  107  105   0.3800775   0.4375858  1  -1   67 
 105    2.886491    4.924402  104  114   0.4375858    1.524487  7  -1   68 
 106    2.408468    4.399127   82  108    0.910733    0.125777  7  -1  130 
 107    2.358248    4.493939  104  108   0.3800775   0.6304877  7  -1   65 
 108    2.355188    4.496115  107  106   0.6304877    0.125777  6  -1   63 
 109   0.8158011    2.235109   96  115   0.5811852   0.1693027  7  -1  132 
 110    1.613307    3.460533  102  101   0.7433042    0.439707  6  -1  116 
 111    2.548037           5  112    0   0.3503128           0  2  -1 1073411999 
 112    2.447293    4.908356  111  113   0.3503128    1.155845  7  -1 1072154917 
 113    2.447514           5  112    0    1.155845           0  5  -1  118 
 114     1.83478      4.0773  105  123    1.524487    1.685455  7  -1  119 
 115   0.7064695    2.364376  109  117   0.1693027   0.1136281  7  -1   58 
 116    0.716398    2.494993  118  122   0.3864873    1.446062  1  -1   74 
 117   0.5943447    2.345954  115  120   0.1136281   0.6237536  7  -1   75 
 118   0.6693882    2.485017  116  119   0.3864873  0.02123303  7  -1  117 
 119   0.6489285    2.479339  118  120  0.02123303   0.1602598  7  -1  131 
 120    0.554293    2.436897  117  119   0.6237536   0.1602598  6  -1  129 
 121   0.9255302    3.217812  122  123    1.385838   0.4773445  1  -1   64 
 122    0.890142    3.210661  116  121    1.446062    1.385838  6  -1  109 
 123    1.012364    3.519634  121  114   0.4773445    1.685455  6  -1  126 
 124    1.292903    4.108673  125  127   0.7660185   0.6200348  1  -1   70 
 125    1.285568    4.114401  124  127   0.7660185   0.0932393  7  -1   84 
 126   0.3077399    2.700339  128  129   0.4057038  0.03221176  1  -1  142 
 127     1.29359    4.207294  124  125   0.6200348   0.0932393  6  -1   25 
 128   0.2913132    2.687479  126  131   0.4057038   0.6633035  7  -1   54 
 129   0.2990715    2.731362  126  131  0.03221176    0.143325  7  -1   85 
 130   0.5111547    3.285486  133  132   0.4835377   0.1694067  1  -1  148 
 131   0.2270931    2.855303  129  128    0.143325   0.6633035  6  -1   77 
 132   0.3425154    3.301593  130  133   0.1694067    1.195541  7  -1   78 
 133   0.3577438    3.575679  132  130    1.195541   0.4835377  6  -1  147 
 134   0.5340547           5  135    0   0.5150434           0  2  -1   87 
 135   0.4844561    4.943516  134  139   0.5150434   0.1620342  7  -1   66 
 136   0.4075211    4.989553  137  138   0.6001133   0.4784712  1  -1   62 
 137   0.4040371           5  136    0   0.6001133           0  5  -1   60 
 138   0.3582401    4.993816  136  140   0.4784712  0.05953086  7  -1   61 
 139   0.3224232    4.944142  135  140   0.1620342    2.438934  7  -1   95 
 140   0.3029826    4.971668  138  139  0.05953086    2.438934  6  -1  100 
