5 5
109
   1    1.897223           5    3    0   0.6341579           0  2  -1    2 
   2     1.72747           5    3    0    0.385653           0  2  -1    1 
   3    1.788634    4.938979    2    1    0.385653   0.6341579  6  -1   18 
   4    2.523069    4.471437   15    8     1.97779   0.4856669  1  -1   19 
   5    2.501489     4.41611    7    6  0.07730287 0.0004633259  1  -1   72 
   6    2.501909    4.415915    5    7 0.0004633259  0.01219105  7  -1   10 
   7    2.501261    4.415159    5    6  0.07730287  0.01219105  6  -1   35 
   8    2.537238    4.363878    4    9   0.4856669   0.3917978  7  -1    4 
   9    2.539714    4.356639    8   12   0.3917978   0.3696912  7  -1   12 
  10    2.185963    4.388367   19   12   0.7930226   0.2453927  1  -1    5 
  11     3.42518    4.151484   14   13   0.1907067  0.08316661  1  -1    7 
  12    2.406512    4.285669   10    9   0.2453927   0.3696912  6  -1    6 
  13    3.505001    4.128135   11   14  0.08316661   0.5655515  7  -1    8 
  14    3.393529    4.116926   11   13   0.1907067   0.5655515  6  -1    9 
  15    3.733465    3.948238    4   16     1.97779    0.120851  7  -1   30 
  16    3.698689    3.914854   15   17    0.120851   0.0830991  7  -1   28 
  17    3.765396    3.865299   16   20   0.0830991   0.2005554  7  -1   29 
  18    1.515502    4.120484   37   19   0.7267064   0.3665785  1  -1   24 
  19    1.540019    4.080028   18   10   0.3665785   0.7930226  6  -1   27 
  20    3.903389    3.719764   17   21   0.2005554  0.07127455  7  -1   26 
  21    3.882014     3.65177   20   23  0.07127455    1.063594  7  -1   25 
  22    4.036733    3.582946   23   48   0.8974963    1.916302  1  -1   14 
  23    3.788568    3.611638   22   21   0.8974963    1.063594  6  -1   11 
  24    2.443082    3.708038   29   27    3.085683    1.212937  1  -1   34 
  25    2.872758    3.557618   26   36  0.09213459   0.5592002  1  -1   36 
  26    2.805026    3.533878   25   27  0.09213459   0.4315736  7  -1   13 
  27    2.677549    3.549604   24   26    1.212937   0.4315736  6  -1   76 
  28    2.125113    3.587221   30   29   0.1958945   0.1615683  1  -1   79 
  29    2.162097    3.575067   28   24   0.1615683    3.085683  6  -1   41 
  30    2.099138    3.568324   28   35   0.1958945    2.693775  7  -1   42 
  31    4.255739    3.236512   32   33  0.01937882    1.077811  1  -1   16 
  32    4.241508    3.223359   31   33  0.01937882   0.2598702  7  -1   15 
  33    4.252211    3.211342   32   31   0.2598702    1.077811  6  -1   44 
  34    2.922423    3.395867   41   36    1.517632   0.7593726  1  -1   45 
  35    1.614033    3.568961   30   47    2.693775     1.62495  7  -1   17 
  36    2.890776    3.280955   25   34   0.5592002   0.7593726  6  -1   77 
  37    1.086269    3.534087   18   43   0.7267064   0.3026975  7  -1   78 
  38    4.740321    3.012171   39   40   0.4572846  0.06194399  1  -1   63 
  39    4.591285    3.033027   38   40   0.4572846    1.821561  7  -1   61 
  40    4.732104    2.950775   39   38    1.821561  0.06194399  6  -1   23 
  41    2.901509    3.184708   34   42    1.517632  0.04336365  7  -1   53 
  42    2.899866    3.141375   41   44  0.04336365   0.2125174  7  -1   74 
  43   0.8156873    3.398398   37   57   0.3026975   0.5780195  7  -1   20 
  44    3.081545    3.031119   42   45   0.2125174  0.08085696  7  -1   21 
  45    3.117655    2.958773   44   53  0.08085696   0.3457671  7  -1   75 
  46    1.522088    3.095475   56   47    0.537882   0.7740713  1  -1   62 
  47    1.556369    3.083292   46   35   0.7740713     1.62495  6  -1   67 
  48    4.393305    2.596917   22   51    1.916302   0.3094365  7  -1   22 
  49    4.202438    2.566691   51   50   0.5155921   0.6357168  1  -1  101 
  50    4.137764    2.573772   49   69   0.6357168   0.8499394  7  -1  108 
  51      4.1946    2.521315   49   48   0.5155921   0.3094365  6  -1   32 
  52    1.448681    2.865283   59   54   0.2108328   0.1827504  1  -1   31 
  53    3.078743    2.615203   45   62   0.3457671   0.1739064  7  -1  109 
  54     1.47326     2.79306   52   56   0.1827504   0.1240981  7  -1   33 
  55    1.477847    2.762724   59   66   0.2585055   0.4244245  1  -1   97 
  56    1.502224    2.734317   54   46   0.1240981    0.537882  6  -1  104 
  57   0.6185689    2.855028   43   65   0.5780195    1.289552  7  -1  105 
  58   0.6541533    2.846572   65   60   0.1202114    1.173605  1  -1  106 
  59    1.384749    2.742426   52   55   0.2108328   0.2585055  6  -1  107 
  60   0.6928305    2.834256   58   70    1.173605   0.2513956  7  -1   50 
  61    2.953458    2.473754   64   63   0.4924443 0.007505017  1  -1   49 
  62    3.127303    2.448214   53   67   0.1739064   0.2110576  7  -1   51 
  63    2.945967    2.473287   61   64 0.007505017   0.5043699  7  -1   39 
  64    2.930362    2.462124   63   61   0.5043699   0.4924443  6  -1   48 
  65   0.5848434    2.766592   57   58    1.289552   0.1202114  6  -1   38 
  66    1.535406    2.516592   55   71   0.4244245   0.0728748  7  -1   40 
  67    3.103284    2.293949   62   75   0.2110576   0.7699713  7  -1   87 
  68    4.244606    2.126333   84   69   0.6554254   0.3866809  1  -1   88 
  69    4.298041    2.111343   50   68   0.8499394   0.3866809  6  -1   89 
  70   0.6413908    2.610653   60   72   0.2513956   0.7262852  7  -1   86 
  71    1.500076    2.468389   66   73   0.0728748     1.44988  7  -1   91 
  72   0.5718235    2.582338   70   90   0.7262852    1.470447  7  -1   92 
  73    1.533443    2.443744   71   80     1.44988   0.5040378  7  -1  111 
  74    2.713657    2.103004   77   75   0.2674998   0.3409325  1  -1  112 
  75    2.734655    2.042039   74   67   0.3409325   0.7699713  6  -1  113 
  76    2.043529    2.078902   80   79   0.2677491   0.5411689  1  -1  114 
  77    2.522662    2.006777   74   78   0.2674998 0.003192057  7  -1   85 
  78    2.522015    2.005028   77   79 0.003192057    1.220169  7  -1   83 
  79    2.046669    2.051079   76   78   0.5411689    1.220169  6  -1   81 
  80    1.867736    2.070375   73   76   0.5040378   0.2677491  6  -1   82 
  81           5    1.499445   83    0   0.4842448           0  2  -1   94 
  82           5     1.48615   83    0   0.4038547           0  2  -1   93 
  83    4.962181    1.489507   82   81   0.4038547   0.4842448  6  -1   95 
  84    4.068477    1.497545   68   85   0.6554254    2.051025  7  -1 157754792 
  85    4.019647    1.423988   84   86    2.051025   0.8520814  7  -1   60 
  86    3.853319    1.440033   85   87   0.8520814   0.6611621  7  -1   58 
  87    3.648822    1.300404   86   88   0.6611621  0.02721755  7  -1   56 
  88    3.639572    1.274806   87   89  0.02721755  0.02027561  7  -1   54 
  89    3.631701     1.25612   88   92  0.02027561    1.179909  7  -1   71 
  90   0.8911992    1.577933   72   96    1.470447    1.073112  7  -1   59 
  91    3.623013    1.115089  107   92    1.232817   0.1609131  1  -1   66 
  92    3.702426    1.091684   89   91    1.179909   0.1609131  6  -1   55 
  93    4.583507   0.7235764   94   95   0.7715435    0.085943  1  -1   52 
  94    4.547988   0.6765846   93   95   0.7715435  0.03781486  7  -1   73 
  95    4.581511   0.6590862   94   93  0.03781486    0.085943  6  -1   80 
  96    1.278086    1.099052   90  102    1.073112    1.333042  7  -1   47 
  97    2.608708   0.8809399  101  107   0.3583781   0.3234274  1  -1  100 
  98    1.953512   0.9006122  102  108    1.463929   0.4610439  1  -1   57 
  99    1.085453   0.9540452  100  103   0.4303572    1.388087  1  -1   99 
 100    1.067044   0.9328898   99  103   0.4303572   0.1462528  7  -1  103 
 101    2.363463   0.7393742   97  109   0.3583781    0.224462  7  -1   43 
 102    1.794555   0.7738491   96   98    1.333042    1.463929  6  -1   96 
 103    1.085945   0.8713606   99  100    1.388087   0.1462528  6  -1    3 
 104    2.570728   0.6461298  106  105  0.01973756   0.2681531  1  -1   64 
 105    2.571247   0.6418238  104  106   0.2681531   0.1779066  7  -1  102 
 106    2.588442   0.6374242  104  105  0.01973756   0.1779066  6  -1   37 
 107     2.70889   0.5734195   97   91   0.3234274    1.232817  6  -1   46 
 108    2.312303   0.6110773   98  109   0.4610439   0.5879681  7  -1   98 
 109    2.362923    0.585337  108  101   0.5879681    0.224462  6  -1   13 
