5 5
106
   1    1.085859    1.261647    2    4   0.7757548   0.1729526  1  -1 134794128 
   2     1.16155    1.200987    1    7   0.7757548    1.479658  7  -1   81 
   3   0.7574643    1.893571    5    4   0.7375054    0.983248  1  -1   78 
   4    1.155634     1.26058    1    3   0.1729526    0.983248  6  -1   79 
   5   0.6740125    2.608384    3    6   0.7375054   0.1868446  7  -1   27 
   6   0.7363232    2.784532    5    8   0.1868446   0.1418899  7  -1   57 
   7    2.046791   0.7825891    2    9    1.479658   0.1008755  7  -1   54 
   8   0.7742834     2.92125    6   10   0.1418899    1.912109  7  -1   71 
   9    2.063561   0.8127469    7   27   0.1008755   0.7890328  7  -1  106 
  10   0.6793811     3.27154    8   11    1.912109    1.171971  7  -1    7 
  11   0.7563494    3.215901   10   34    1.171971   0.8978509  7  -1    9 
  12    1.045302    2.765162   13   14   0.3483736 0.009388378  1  -1   84 
  13    1.045938    2.771029   12   14   0.3483736   0.3552492  7  -1   41 
  14    1.050745    2.772812   12   13 0.009388378   0.3552492  6  -1    2 
  15    1.510694    2.419644   19   18    1.074279   0.7755075  1  -1    4 
  16    1.268902    2.863479   17   18   0.6916485    1.502605  1  -1   31 
  17    1.278875    2.858436   16   20   0.6916485   0.5572526  7  -1    1 
  18    1.623734    2.382438   16   15    1.502605   0.7755075  6  -1   48 
  19    1.824576    2.060247   15   21    1.074279    0.364748  7  -1   38 
  20    1.331046    2.879896   17   25   0.5572526    1.789712  7  -1   36 
  21    1.844756    2.074866   19   26    0.364748   0.5327791  7  -1   97 
  22    1.581797    2.538696   23   24 0.004694132   0.4118603  1  -1   43 
  23    1.581953    2.543388   22   24 0.004694132   0.1903595  7  -1   96 
  24    1.597867    2.541016   23   22   0.1903595   0.4118603  6  -1   29 
  25    1.338056    3.013256   20   28    1.789712   0.6636441  7  -1   55 
  26    1.909258    2.078938   21   29   0.5327791   0.2872581  7  -1   53 
  27      2.8379   0.6611826    9   54   0.7890328    1.083357  7  -1   26 
  28    1.554662    2.966287   25   32   0.6636441   0.4984166  7  -1   19 
  29    2.193861    2.039968   26   31   0.2872581    0.378831  7  -1   21 
  30   0.6121254           5   35    0   0.3852434           0  2  -1   56 
  31    2.498718    1.906725   29   41    0.378831    1.726264  7  -1   62 
  32    1.630451    3.343291   28   45   0.4984166   0.3423714  7  -1    3 
  33   0.6781212           5   35    0   0.3629661           0  2  -1   18 
  34    1.368187    3.873009   11   46   0.8978509   0.5546931  7  -1   63 
  35   0.7893404    4.906126   30   33   0.3852434   0.3629661  6  -1   64 
  36    2.556834    2.099354   38   43   0.6611091    1.419314  1  -1   15 
  37    1.894142    3.389186   42   44    1.338841   0.2384139  1  -1   24 
  38    2.667566    2.126683   36   43   0.6611091  0.05553397  7  -1   22 
  39    1.942116    3.331507   42   40  0.03611196 0.004418396  1  -1   23 
  40    1.945813    3.329086   39   44 0.004418396   0.7202682  7  -1   28 
  41    2.801659    1.923981   31   48    1.726264    1.440068  7  -1   20 
  42    1.940581    3.367586   37   39    1.338841  0.03611196  6  -1   17 
  43    2.672194    2.182024   36   38    1.419314  0.05553397  6  -1   16 
  44    1.990764    3.386134   40   37   0.7202682   0.2384139  6  -1   12 
  45    1.878192    3.579601   32   49   0.3423714   0.1857157  7  -1   14 
  46    1.621739    4.154087   34   50   0.5546931    0.718886  7  -1   13 
  47    1.616401    4.191037   52   58   0.3562749   0.4595623  1  -1    5 
  48    2.879457    2.120779   41   55    1.440068   0.4657351  7  -1   86 
  49    1.950116    3.652212   45   51   0.1857157    2.235142  7  -1   70 
  50    1.651561    4.147358   46   52    0.718886  0.04393087  7  -1   25 
  51    1.966721    3.660315   49   70    2.235142   0.8182294  7  -1   40 
  52    1.657097    4.190939   47   50   0.3562749  0.04393087  6  -1   39 
  53     2.86279    2.513642   56   55    2.105747   0.5199883  1  -1    6 
  54    3.705998     1.20755   27   57    1.083357   0.2360993  7  -1   44 
  55    2.949994    2.498279   53   48   0.5199883   0.4657351  6  -1   87 
  56    2.889515    2.632511   53   62    2.105747     1.12315  7  -1   42 
  57    3.809341    1.223605   54   71   0.2360993   0.9465776  7  -1   37 
  58    1.922727    4.381668   47   59   0.4595623    1.062713  7  -1    8 
  59    2.002891    4.259123   58   61    1.062713   0.3339045  7  -1   32 
  60    2.085593    4.311072   61   66   0.3722623    1.847036  1  -1   45 
  61    2.082107    4.333391   59   60   0.3339045   0.3722623  6  -1   88 
  62    3.123759    2.745672   56   70     1.12315    1.830388  7  -1   49 
  63    2.965341    3.018912   64   65 0.002020958   0.3026665  1  -1   51 
  64    2.965161    3.020925   63   65 0.002020958   0.1846117  7  -1   77 
  65    2.966455    3.020636   63   64   0.3026665   0.1846117  6  -1   74 
  66    2.286476    4.366949   60   68    1.847036  0.08368759  7  -1   76 
  67    2.317962     4.36939   68   69  0.09195766   0.1018542  1  -1   11 
  68    2.272843    4.449519   67   66  0.09195766  0.08368759  6  -1   10 
  69    2.375928     4.28564   67   72   0.1018542   0.3222213  7  -1   75 
  70    2.784426    3.689591   51   62   0.8182294    1.830388  6  -1   72 
  71    4.151347    1.653535   57   84   0.9465776   0.7349074  7  -1   69 
  72    2.675989    4.403071   69   73   0.3222213  0.05453602  7  -1   73 
  73    2.701776    4.444109   72   75  0.05453602     1.43843  7  -1   34 
  74    2.905205    4.177585   76   77  0.01742747    1.368438  1  -1   67 
  75    2.803562     4.34851   73   88     1.43843   0.6786961  7  -1   66 
  76    2.907549    4.194855   74   77  0.01742747   0.3115107  7  -1   59 
  77    2.945674    4.190017   76   74   0.3115107    1.368438  6  -1   60 
  78    4.692509    1.323319   79   81   0.7200431  0.07056629  1  -1   61 
  79    4.693091    1.325299   78   80   0.7200431 0.003147645  7  -1   50 
  80    4.695902    1.326717   79   81 0.003147645    1.924337  7  -1   68 
  81    4.706019    1.324367   78   80  0.07056629    1.924337  6  -1   46 
  82    2.625653    4.979568   85   83   0.1197837    1.505825  1  -1   52 
  83    2.695265    4.904625   82   85    1.505825   0.2318723  7  -1   47 
  84    4.268757    2.379003   71   97   0.7349074   0.5450771  7  -1   58 
  85    2.737214    4.935953   83   82   0.2318723   0.1197837  6  -1   83 
  86    3.354082    3.954222   87  102    0.769167   0.4448203  1  -1   85 
  87    3.324782    4.019337   86   88    0.769167    0.239154  7  -1   82 
  88    3.260553    4.249704   75   87   0.6786961    0.239154  6  -1  110 
  89    3.518719    3.918083   90  105   0.3484283   0.4446127  1  -1   35 
  90    3.634229    3.764283   89   93   0.3484283   0.1195162  7  -1   33 
  91     3.71536    3.642013   93   92    2.974092    1.334672  1  -1   30 
  92    3.721929    3.651683   91   94    1.334672  0.06819318  7  -1   91 
  93    3.710438    3.672217   90   91   0.1195162    2.974092  6  -1   92 
  94    3.766469    3.600045   92   95  0.06819318   0.3314634  7  -1   93 
  95    3.772618     3.59639   94   98   0.3314634   0.1916365  7  -1   94 
  96    4.237751    2.932566   97   99   0.6866173   0.6006703  1  -1  100 
  97    4.257234    2.907999   96   84   0.6866173   0.5450771  6  -1  101 
  98    3.775297    3.717115   95  101   0.1916365   0.8868888  7  -1   98 
  99    4.249697    2.949324   96  103   0.6006703    0.931991  7  -1   99 
 100    4.876903     2.10505  104  106    1.821603   0.3206328  1  -1  102 
 101    4.059851     3.45351   98  103   0.8868888   0.6853554  7  -1  103 
 102    3.701269    4.054529   86  105   0.4448203   0.2862672  7  -1   80 
 103    4.100599    3.475532  101   99   0.6853554    0.931991  6  -1  111 
 104           5    2.013765  100    0    1.821603           0  5  -1 1074852724 
 105    3.919596    3.869375   89  102   0.4446127   0.2862672  6  -1  115 
 106           5    2.142008  100    0   0.3206328           0  5  -1  104 
