5 5
124
   1           0      4.6655    7    0   0.1235401           0  2  -1  124 
   2           0    4.625533    7    0    0.610592           0  2  -1  103 
   3           0    3.563528    6    0   0.1095981           0  2  -1   90 
   4           0    3.458117    5    0   0.6025091           0  2  -1   75 
   5  0.01783179    3.453409    4    6   0.6025091   0.0301724  7  -1   69 
   6  0.04605537    3.464077    3    5   0.1095981   0.0301724  6  -1   64 
   7  0.09541359    4.596227    2    1    0.610592   0.1235401  6  -1   66 
   8   0.3425313    1.943608   10    9   0.1949724    1.856973  1  -1   81 
   9   0.3443014    1.944094    8   11    1.856973   0.1007066  7  -1   76 
  10    0.350316    1.935915    8   11   0.1949724    0.101591  7  -1   86 
  11   0.4231611    2.006727   10    9    0.101591   0.1007066  6  -1   72 
  12   0.5943168    3.877882   15   13    1.293508   0.1224896  1  -1   78 
  13   0.6719848    3.972599   12   15   0.1224896    0.855067  7  -1   77 
  14   0.6391682    2.330352   18   21     1.35321   0.7553099  1  -1   83 
  15   0.6961045    3.932671   13   12    0.855067    1.293508  6  -1   63 
  16   0.6757125    2.183115   20   23   0.9215886     1.73599  1  -1   89 
  17   0.7611471           5   19    0   0.6532346           0  2  -1   93 
  18   0.7304033    3.298788   14   54     1.35321    2.015336  7  -1   84 
  19   0.8147667    4.912076   17   22   0.6532346   0.2891777  7  -1   87 
  20   0.7675046    2.195972   16   21   0.9215886   0.1089216  7  -1   91 
  21   0.7893294    2.302684   14   20   0.7553099   0.1089216  6  -1   88 
  22   0.8662852           5   19    0   0.2891777           0  5  -1   65 
  23    1.006475    1.380889   16   61     1.73599    1.966066  7  -1   80 
  24    1.149037    1.141961   31   25    0.130654   0.1587228  1  -1   82 
  25    1.153525    1.065805   24   31   0.1587228    0.656214  7  -1   67 
  26    1.166237    1.410063   34   27   0.1105037   0.2139053  1  -1   85 
  27    1.175927    1.354488   26   38   0.2139053   0.3477702  7  -1   54 
  28    1.179923   0.1312365   29   33 0.004095359   0.1068643  1  -1   95 
  29     1.18249   0.1344278   28   30 0.004095359  0.04020487  7  -1   94 
  30    1.217808   0.1536383   29   32  0.04020487    1.069115  7  -1   92 
  31    1.244703    1.052976   25   24    0.656214    0.130654  6  -1   58 
  32     1.22147   0.1561536   30   44    1.069115       1.297  7  -1   55 
  33    1.236499  0.04057721   28   42   0.1068643   0.1519186  7  -1   56 
  34     1.27572    1.395074   26   38   0.1105037   0.7467139  7  -1   79 
  35    1.366045    4.531086   40   37  0.08717715    1.172222  1  -1   57 
  36    1.321287    2.881063   48   50   0.2796577   0.9299411  1  -1   73 
  37    1.372591    4.501929   35   39    1.172222   0.4775566  7  -1   41 
  38    1.283007    1.284115   34   27   0.7467139   0.3477702  6  -1   74 
  39     1.37345    4.400174   37   41   0.4775566   0.1289034  7  -1   71 
  40    1.383848    4.498204   35   41  0.08717715  0.03344233  7  -1   40 
  41    1.416509    4.496366   40   39  0.03344233   0.1289034  6  -1   70 
  42    1.300586           0   33    0   0.1519186           0  5  -1   35 
  43    1.450485    3.022192   47   45   0.3869271    2.294816  1  -1   37 
  44    1.374323           0   32    0       1.297           0  5  -1   39 
  45    1.503275    3.029413   43   48    2.294816   0.1867161  7  -1   53 
  46    1.494105    2.598253   50   49   0.1965253   0.4635336  1  -1   60 
  47    1.522672    3.133842   43   51   0.3869271   0.1006914  7  -1   51 
  48    1.535311    3.010411   45   36   0.1867161   0.2796577  6  -1   22 
  49    1.540522    2.253325   46   52   0.4635336    0.826596  7  -1   59 
  50    1.590992    2.690422   36   46   0.9299411   0.1965253  6  -1  127 
  51    1.621459    3.153333   47   53   0.1006914    0.205858  7  -1   62 
  52    1.658892    2.179262   49   59    0.826596   0.3708443  7  -1   47 
  53    1.729804    3.328373   51   57    0.205858   0.5211578  7  -1   19 
  54    1.865895    4.323608   18   69    2.015336    1.315533  7  -1   48 
  55    1.867716    3.949324   58   56   0.6082257   0.5517594  1  -1   17 
  56    1.869971    3.912336   55   58   0.5517594  0.05439964  7  -1   45 
  57    1.902641     3.75166   53   63   0.5211578   0.9357912  7  -1   50 
  58    1.919601    3.934612   56   55  0.05439964   0.6082257  6  -1   43 
  59    1.997673    2.028421   52   60   0.3708443   0.3162803  7  -1   61 
  60    2.260031    1.851782   59   82   0.3162803    1.131157  7  -1   52 
  61    2.280808   0.5837312   23   62    1.966066   0.4831304  7  -1   46 
  62    2.461819   0.7329597   61   70   0.4831304   0.6777333  7  -1   36 
  63    2.628015    3.649218   57   81   0.9357912    1.067472  7  -1   49 
  64    2.801244    4.234604   69   66   0.2194463  0.03934228  1  -1   15 
  65    2.775785    3.088549   72   67   0.9678077  0.05552194  1  -1   13 
  66    2.810009    4.196251   64   68  0.03934228  0.07639963  7  -1  131 
  67    2.778683    3.034348   65   77  0.05552194    0.535925  7  -1   12 
  68    2.883355    4.217635   66   75  0.07639963    0.400314  7  -1  132 
  69    2.926703    4.387448   54   64    1.315533   0.2194463  6  -1   18 
  70    2.827503   0.7041763   62   71   0.6777333  0.04911823  7  -1    7 
  71    2.858239   0.6658637   70   74  0.04911823  0.05973145  7  -1   34 
  72    2.934964    2.993615   65   76   0.9678077   0.1415358  7  -1    1 
  73    2.871584   0.7431439   79   74    2.472239  0.08131414  1  -1   38 
  74    2.874258   0.6657508   73   71  0.08131414  0.05973145  6  -1    2 
  75    3.067952    4.346827   68   90    0.400314   0.5224422  7  -1   26 
  76    3.070248    2.952015   72   81   0.1415358   0.4369053  7  -1   27 
  77    3.074736    2.587618   67   78    0.535925   0.0644459  7  -1   21 
  78    3.109487    2.533344   77   86   0.0644459   0.2585812  7  -1   31 
  79    3.073913   0.7005986   73  112    2.472239    3.628402  7  -1   20 
  80    3.116443    2.185172   83   84   0.8547882   0.8328443  1  -1  133 
  81    3.137855     2.92891   63   76    1.067472   0.4369053  6  -1   24 
  82    3.122958    2.146227   60   84    1.131157     0.11935  7  -1   25 
  83    3.129641    2.357012   80   86   0.8547882    1.200026  7  -1   23 
  84    3.152154    2.169165   80   82   0.8328443     0.11935  6  -1   14 
  85    3.191217    1.730404   88   93    0.123582   0.2442751  1  -1   16 
  86    3.215218     2.42503   78   83   0.2585812    1.200026  6  -1   44 
  87    3.259277    1.880762   89   88   0.1230331  0.05631286  1  -1    6 
  88    3.270136    1.825506   87   85  0.05631286    0.123582  6  -1    3 
  89    3.273106     1.92164   87   91   0.1230331   0.3999878  7  -1    5 
  90    3.336302    4.049907   75   96   0.5224422   0.9366542  7  -1    4 
  91     3.27621    1.833137   89   93   0.3999878  0.08124607  7  -1   42 
  92    3.287815    0.427928   94   95   0.5194346   0.3251844  1  -1   32 
  93    3.327112    1.769813   91   85  0.08124607   0.2442751  6  -1   30 
  94    3.296774   0.4118023   92   95   0.5194346  0.00378018  7  -1   33 
  95    3.298755   0.4150223   92   94   0.3251844  0.00378018  6  -1   29 
  96    3.422604    4.082119   90   97   0.9366542  0.04265823  7  -1   28 
  97    3.461017    4.100669   96  109  0.04265823    1.094688  7  -1   11 
  98    3.930515    3.857908  103  100  0.05251742  0.08856794  1  -1   10 
  99    3.905404    1.700543  102  101 0.008640449   0.4089436  1  -1    9 
 100    3.966727    3.777081   98  105  0.08856794   0.0955161  7  -1    8 
 101    3.911276    1.677704   99  102   0.4089436   0.2975733  7  -1   96 
 102    3.914036    1.700913  101   99   0.2975733 0.008640449  6  -1   97 
 103    3.983032    3.857969   98  104  0.05251742  0.01490292  7  -1   98 
 104    3.995445    3.866217  103  106  0.01490292   0.2163656  7  -1   99 
 105     4.00888    3.862793  100  106   0.0955161    1.012498  7  -1  100 
 106    4.046908    3.931855  105  104    1.012498   0.2163656  6  -1  101 
 107    4.091437    2.969069  108  111    1.202165   0.1022924  1  -1  102 
 108    4.139153    3.263902  107  109    1.202165   0.7759726  7  -1  104 
 109    4.167255    3.302314   97  108    1.094688   0.7759726  6  -1  105 
 110    4.141321    1.721836  111  112    2.741427   0.1206384  1  -1  122 
 111    4.193201     2.97945  107  110   0.1022924    2.741427  6  -1  123 
 112    4.194113    1.696468  110   79   0.1206384    3.628402  6  -1  120 
 113    4.463664   0.6349734  114  115  0.04694577  0.06988326  1  -1  121 
 114     4.49942   0.6653947  113  115  0.04694577    0.200253  7  -1  118 
 115    4.503033   0.6505229  114  113    0.200253  0.06988326  6  -1  119 
 116    4.622773    3.421402  117  118   0.5075683    1.338693  1  -1  116 
 117    4.617181    3.106795  116  119   0.5075683   0.1043208  7  -1  117 
 118     4.64907    3.163097  116  119    1.338693  0.08436829  7  -1  108 
 119    4.720819    3.118712  117  118   0.1043208  0.08436829  6  -1  109 
 120    4.886423      3.3931  123  121    1.516505  0.06138385  1  -1  106 
 121    4.936759    3.428232  120  122  0.06138385   0.0728033  7  -1  107 
 122    4.977046    3.488872  121  124   0.0728033   0.1664543  7  -1  110 
 123           5    3.617521  120    0    1.516505           0  5  -1  111 
 124           5    3.598371  122    0   0.1664543           0  5  -1  114 
