5 5
142
   1           0    4.115534    3    0   0.4591263           0  2  -1  146 
   2           0    4.065671    3    0   0.1744444           0  2  -1  145 
   3  0.04412184    4.125026    1    2   0.4591263   0.1744444  6  -1  144 
   4           0     3.78183    6    0   0.5327285           0  2  -1  143 
   5           0    3.776445    6    0   0.3427085           0  2  -1  142 
   6  0.00676631    3.777437    5    4   0.3427085   0.5327285  6  -1  141 
   7   0.4777406    3.180302    8   10   0.3210634   0.3181177  1  -1  140 
   8   0.5649772    3.158046    7    9   0.3210634   0.5332399  7  -1  139 
   9   0.5712904    3.057315    8   11   0.5332399   0.3973757  7  -1  137 
  10   0.6888672    3.202189    7   12   0.3181177  0.02987827  7  -1  135 
  11    0.685056    3.145214    9   14   0.3973757    0.228401  7  -1  134 
  12   0.7087368    3.179875   10   13  0.02987827  0.01474591  7  -1  130 
  13   0.7045553    3.165734   12   15  0.01474591    1.087279  7  -1  132 
  14   0.7076382    3.121651   11   26    0.228401   0.8856146  7  -1  129 
  15     1.36888    4.026459   13   19    1.087279    1.135741  7  -1  108 
  16   0.6091355    2.681621   17   18  0.03981264   0.8711406  1  -1  131 
  17   0.6464336    2.667696   16   20  0.03981264   0.1221675  7  -1  126 
  18   0.6148634    2.551875   16   20   0.8711406  0.04755538  7  -1  128 
  19    1.480212    4.060708   15   35    1.135741    1.389209  7  -1  106 
  20   0.6203252    2.548351   18   17  0.04755538   0.1221675  6  -1  127 
  21    1.042944    3.158646   22   25     0.27708   0.6127914  1  -1  112 
  22    1.057438    3.168194   21   23     0.27708  0.03354106  7  -1  111 
  23    1.087752    3.153839   22   25  0.03354106   0.4419302  7  -1  110 
  24   0.6912146    2.424967   27   31    1.060759   0.3900367  1  -1  125 
  25    1.099813    3.085617   21   23   0.6127914   0.4419302  6  -1  109 
  26   0.6827553    2.236386   14   29   0.8856146   0.2373611  7  -1  123 
  27   0.7162087    2.271791   24   28    1.060759 0.007904744  7  -1  121 
  28   0.7223837    2.276726   27   30 0.007904744  0.03028499  7  -1  119 
  29   0.7141163    2.242701   26   32   0.2373611   0.4955413  7  -1  120 
  30   0.7515276    2.268491   28   31  0.03028499  0.02211904  7  -1  118 
  31   0.7656208    2.283208   24   30   0.3900367  0.02211904  6  -1  117 
  32   0.5955218    1.934289   29   33   0.4955413   0.2845001  7  -1  124 
  33   0.6193294    1.848213   32   36   0.2845001   0.9447299  7  -1  122 
  34    1.325728    2.894292   45   55   0.8780219   0.7561154  1  -1  105 
  35    2.171527    4.348859   19   64    1.389209   0.6262042  7  -1   79 
  36   0.7697266    1.883906   33   49   0.9447299   0.2715058  7  -1  113 
  37    1.699906    3.456273   38   39   0.1523142  0.01704891  1  -1   91 
  38    1.715659    3.477273   37   39   0.1523142   0.1058797  7  -1   90 
  39    1.710987    3.443317   37   38  0.01704891   0.1058797  6  -1   89 
  40    1.528793    2.969036   41   62   0.1701589   0.4358981  1  -1  101 
  41    1.584007    3.051511   40   42   0.1701589   0.2752657  7  -1   95 
  42    1.722016     3.28968   41   56   0.2752657   0.3830766  7  -1   87 
  43    1.992312    3.748937   46   52   0.4473087    0.214169  1  -1   80 
  44           0   0.2191522   51    0   0.1774438           0  2  -1  138 
  45    1.537826    2.884178   34   47   0.8780219  0.05486199  7  -1   98 
  46    1.950042    3.586896   43   54   0.4473087  0.09871686  7  -1   82 
  47    1.574491    2.924989   45   61  0.05486199   0.1704109  7  -1   92 
  48           0   0.1500285   51    0   0.7409705           0  2  -1  136 
  49   0.9613185    1.832932   36   63   0.2715058   0.3580093  7  -1  107 
  50    2.030499    3.624308   53   72   0.2062945    2.232649  1  -1   78 
  51  0.09267927   0.1683858   48   44   0.7409705   0.1774438  6  -1  133 
  52    2.131194    3.729027   43   53    0.214169  0.01830959  7  -1   75 
  53    2.132364    3.710754   52   50  0.01830959   0.2062945  6  -1   74 
  54    2.042184    3.551473   46   56  0.09871686   0.3895118  7  -1   77 
  55    1.453288    2.484773   34   57   0.7561154   0.2371566  7  -1  100 
  56    2.040601    3.502404   42   54   0.3830766   0.3895118  6  -1   76 
  57    1.447515     2.45363   55   76   0.2371566   0.7509009  7  -1   99 
  58   0.5549108    0.839174   60   59   0.2456873   0.2834539  1  -1  116 
  59   0.5551003   0.8368584   58   60   0.2834539 0.005193339  7  -1  115 
  60   0.5599276   0.8387737   58   59   0.2456873 0.005193339  6  -1  114 
  61    1.713002    2.825719   47   62   0.1704109   0.2061116  7  -1   84 
  62    1.838902    2.988909   40   61   0.4358981   0.2061116  6  -1   81 
  63    1.057015    1.522541   49   67   0.3580093    0.985227  7  -1  104 
  64    2.764576    4.191243   35   69   0.6262042   0.2395086  7  -1   65 
  65    1.279373     1.47716   66   68  0.08425048   0.2897538  1  -1   93 
  66     1.25168    1.428323   65   67  0.08425048  0.06773305  7  -1   96 
  67    1.241441    1.385125   63   66    0.985227  0.06773305  6  -1   97 
  68    1.326838    1.325408   65   71   0.2897538   0.1523021  7  -1   88 
  69    3.001941    4.205469   64   70   0.2395086    3.019325  7  -1   61 
  70     3.13724     4.35843   69   88    3.019325   0.6638646  7  -1   60 
  71    1.327425    1.173107   68   74   0.1523021    1.448724  7  -1   86 
  72    2.774447    3.693796   50   73    2.232649  0.02234915  7  -1   64 
  73    2.791351    3.679176   72   75  0.02234915   0.1286219  7  -1   63 
  74    1.310654    1.045833   71   90    1.448724   0.8662905  7  -1   85 
  75    2.848295    3.563846   73   79   0.1286219   0.6029452  7  -1   62 
  76    2.010058    2.036786   57   77   0.7509009    1.001845  7  -1   73 
  77    2.017435    2.022506   76   78    1.001845   0.4107873  7  -1   72 
  78    2.150008     2.09287   77   98   0.4107873     1.45877  7  -1   68 
  79    2.942706    3.244948   75   81   0.6029452    1.232068  7  -1   59 
  80    4.001253           5   84    0   0.3440684           0  2  -1   41 
  81    2.996769    3.237887   79   97    1.232068    1.878647  7  -1   55 
  82    4.061092           5   84    0    1.864354           0  2  -1   40 
  83    2.960256    3.021188   89   87    2.269841   0.4660533  1  -1   54 
  84    4.058721    4.889047   80   82   0.3440684    1.864354  6  -1   39 
  85    2.862239    2.784392   89  104   0.2768987    1.419913  1  -1   58 
  86    3.664245     4.17738   88  103   0.3155735   0.6824005  1  -1   43 
  87    2.995669    2.958041   83   95   0.4660533   0.9170403  7  -1   52 
  88    3.538394    3.887987   70   86   0.6638646   0.3155735  6  -1   44 
  89    2.921931    2.797774   85   83   0.2768987    2.269841  6  -1   53 
  90    1.821115   0.7505469   74   91   0.8662905 0.0009098743  7  -1   71 
  91    1.821988   0.7502897   90   92 0.0009098743  0.08509839  7  -1   70 
  92    1.816404   0.6653748   91   96  0.08509839    1.969208  7  -1   69 
  93    2.791417    2.352725   98  100   0.3582326   0.7954516  1  -1   57 
  94    3.202211    3.011919   97   95   0.7845102 0.002268358  1  -1   49 
  95    3.202374    3.009657   94   87 0.002268358   0.9170403  6  -1   48 
  96    1.883103   0.6444479   92   99    1.969208   0.7487668  7  -1   67 
  97    3.300977     3.09637   81   94    1.878647   0.7845102  6  -1   46 
  98    2.774141    2.140284   78   93     1.45877   0.3582326  6  -1   56 
  99    1.989755   0.7541777   96  112   0.7487668   0.9027373  7  -1   66 
 100    2.852027    2.217888   93  102   0.7954516    1.007623  7  -1   51 
 101    3.670809    3.546308  103  109   0.4495468    0.985285  1  -1   42 
 102    3.091554     2.49422  100  104    1.007623    1.777882  7  -1   50 
 103    3.857984     3.77273   86  101   0.6824005   0.4495468  6  -1   37 
 104    3.165629    2.510619   85  102    1.419913    1.777882  6  -1   47 
 105    4.377475    4.265236  106  107   0.7087544   0.3850189  1  -1   26 
 106    4.381354    4.266762  105  108   0.7087544   0.4556099  7  -1   24 
 107    4.379243    4.259713  105  108   0.3850189  0.01865509  7  -1   25 
 108    4.397237    4.254791  106  107   0.4556099  0.01865509  6  -1   23 
 109    4.075507    3.610169  101  119    0.985285    1.571674  7  -1   32 
 110    4.858062    4.135878  111  114   0.2997461    0.102665  1  -1    6 
 111    4.800963    4.021012  110  113   0.2997461   0.4187286  7  -1    7 
 112    2.887967   0.6639058   99  122   0.9027373    1.381134  7  -1   45 
 113    4.854804    3.991251  111  114   0.4187286  0.09503899  7  -1    5 
 114    4.923583    4.056839  110  113    0.102665  0.09503899  6  -1    4 
 115    4.444454    2.890649  117  116  0.01779584   0.2622121  1  -1   10 
 116    4.449308     2.86922  115  117   0.2622121    0.999264  7  -1    9 
 117    4.460589    2.883142  115  116  0.01779584    0.999264  6  -1    8 
 118    4.062676     2.15513  133  120    1.390786    1.064952  1  -1   22 
 119    4.378457    2.659511  109  120    1.571674   0.5081986  7  -1   11 
 120    4.149014    2.206055  118  119    1.064952   0.5081986  6  -1   20 
 121    3.564485    1.072761  122  126    1.258189    1.981706  1  -1   33 
 122    3.465716   0.8828916  112  121    1.381134    1.258189  6  -1   34 
 123    3.707478    1.073547  131  127   0.2621161   0.8608148  1  -1   28 
 124    3.104683           0  125    0   0.5048857           0  2  -1   38 
 125    3.124933  0.02706856  124  128   0.5048857  0.09174738  7  -1   36 
 126    4.037246    1.615406  121  132    1.981706    0.357412  7  -1   17 
 127    3.594838    0.839137  123  129   0.8608148  0.06581977  7  -1   31 
 128     3.12478           0  125    0  0.09174738           0  5  -1   35 
 129     3.61717    0.838051  127  130  0.06581977   0.1031907  7  -1   29 
 130    3.607356   0.7964063  129  131   0.1031907  0.09528147  7  -1   30 
 131    3.687091   0.8485693  130  123  0.09528147   0.2621161  6  -1   27 
 132    4.037281    1.359999  126  133    0.357412   0.8896676  7  -1   15 
 133    4.050415    1.356353  132  118   0.8896676    1.390786  6  -1   14 
 134    3.859715   0.8649674  136  137    1.149466  0.03103135  1  -1   21 
 135     3.97581    1.067512  139  138  0.09158042   0.1709992  1  -1   16 
 136    3.889071   0.8998317  134  137    1.149466   0.4024306  7  -1   19 
 137    3.889096   0.8749514  136  134   0.4024306  0.03103135  6  -1   18 
 138    3.998695    1.026446  135  139   0.1709992  0.03014189  7  -1   13 
 139    4.028362    1.031777  135  138  0.09158042  0.03014189  6  -1   12 
 140    4.827792    2.170576  141  142   0.9316961   0.8177515  1  -1    3 
 141           5     2.34267  140    0   0.9316961           0  5  -1    2 
 142           5    2.213579  140    0   0.8177515           0  5  -1    1 
