5 5
97
   1  0.04092037    3.521014    3    2    3.220096  0.05077309  1  -1    1 
   2  0.06159649    3.474642    1    3  0.05077309   0.5284523  7  -1   17 
   3  0.08265305    3.489708    2    1   0.5284523    3.220096  6  -1   16 
   4   0.4939044    2.601662    7    5   0.6148975  0.02936863  1  -1   18 
   5   0.5210835    2.590535    4    7  0.02936863   0.2208365  7  -1    3 
   6   0.6051995    2.255584   11    8     1.48703   0.1569837  1  -1   26 
   7   0.5324389    2.654457    5    4   0.2208365   0.6148975  6  -1   12 
   8   0.6534975    2.271249    6   12   0.1569837   0.7169198  7  -1   22 
   9   0.8816224     1.90809   10   15  0.04373514   0.1269404  1  -1    7 
  10   0.8916186    1.950668    9   15  0.04373514   0.1982691  7  -1    5 
  11   0.9374693    1.832119    6   14     1.48703   0.7811909  7  -1   23 
  12   0.6736995    2.961891    8   23   0.7169198    1.113685  7  -1    6 
  13    1.051884    1.365494   14   24   0.7423656     1.46218  1  -1   46 
  14    1.055671    1.370639   11   13   0.7811909   0.7423656  6  -1   27 
  15    0.963122    1.937206    9   10   0.1269404   0.1982691  6  -1   40 
  16    0.428761    4.228386   17   18 0.004406005    1.962244  1  -1   39 
  17   0.4300815     4.23259   16   18 0.004406005   0.2143997  7  -1   44 
  18   0.4386471     4.22721   16   17    1.962244   0.2143997  6  -1   45 
  19    1.369217   0.2636157   20   21  0.01519956   0.8218179  1  -1   33 
  20    1.378372   0.2514825   19   21  0.01519956   0.7814499  7  -1   36 
  21    1.386373   0.2667523   19   20   0.8218179   0.7814499  6  -1   37 
  22   0.7765477    3.173183   26   23   0.6181362   0.6974772  1  -1   11 
  23   0.8668927    3.015656   22   12   0.6974772    1.113685  6  -1   42 
  24     1.35494    1.099535   13   25     1.46218    1.297582  7  -1   43 
  25    1.431732    1.073611   24   38    1.297582   0.9132349  7  -1   52 
  26   0.8965545    3.480299   22   46   0.6181362     1.67026  7  -1   47 
  27    1.253443    3.272228   33   36    2.164779    2.971136  1  -1   68 
  28    1.498931    2.323219   29   34   0.1050944    1.458383  1  -1   65 
  29    1.497489    2.342336   28   33   0.1050944   0.8290693  7  -1   29 
  30    1.889416   0.7391777   32   31   0.3626253  0.04403491  1  -1   28 
  31    1.908246   0.6993717   30   32  0.04403491   0.2301154  7  -1   71 
  32    1.950601   0.7617092   30   31   0.3626253   0.2301154  6  -1   74 
  33    1.403993    3.166116   27   29    2.164779   0.8290693  6  -1   34 
  34    1.689035    2.278031   28   35    1.458383     2.01594  7  -1   35 
  35    1.699494    2.266855   34   48     2.01594    1.393338  7  -1   72 
  36    1.542432    3.264418   27   37    2.971136   0.2736917  7  -1   99 
  37    1.595787    3.288893   36   42   0.2736917   0.2430051  7  -1   64 
  38    2.297608   0.7833397   25   41   0.9132349    1.100548  7  -1   76 
  39    1.611687    3.715676   40   45   0.5007794    0.275135  1  -1   19 
  40    1.586511    3.897629   39   44   0.5007794   0.2588214  7  -1   51 
  41    2.329081   0.7575839   38   67    1.100548    2.135717  7  -1   48 
  42    1.778356    3.449267   37   47   0.2430051   0.1294344  7  -1   54 
  43    1.845779    3.495786   52   47   0.7207297   0.1633772  1  -1   50 
  44    1.758599    3.946212   40   45   0.2588214 0.007327248  7  -1   49 
  45    1.765515    3.943791   44   39 0.007327248    0.275135  6  -1   58 
  46    1.720749    4.251251   26   65     1.67026    1.916639  7  -1   53 
  47    1.905108    3.475484   42   43   0.1294344   0.1633772  6  -1   59 
  48    2.315837    1.885168   35   51    1.393338   0.5357408  7  -1   60 
  49    2.398774    1.704963   50   53   0.1426131   0.3395242  1  -1   62 
  50    2.398373    1.727634   49   53   0.1426131  0.05535993  7  -1   73 
  51    2.342527    2.001244   48   54   0.5357408   0.3277176  7  -1   61 
  52    1.956408     3.70138   43   64   0.7207297   0.9580159  7  -1   63 
  53    2.448539    1.704222   49   50   0.3395242  0.05535993  6  -1   38 
  54    2.421085    2.000346   51   58   0.3277176   0.4126657  7  -1   41 
  55    2.739564    0.775257   57   56   0.0781127  0.08503257  1  -1   85 
  56    2.756965    0.738532   55   57  0.08503257  0.01273211  7  -1   95 
  57    2.757337   0.7512587   55   56   0.0781127  0.01273211  6  -1   89 
  58    2.629066     2.10232   54   59   0.4126657   0.3656442  7  -1   57 
  59    2.715146    2.238371   58   62   0.3656442   0.1083068  7  -1   56 
  60    2.757901    2.146919   62   61  0.05058407  0.03753452  1  -1   96 
  61    2.781872    2.118036   60   63  0.03753452   0.2719327  7  -1   88 
  62    2.783591    2.190494   59   60   0.1083068  0.05058407  6  -1   92 
  63    2.865483    2.021104   61   73   0.2719327    1.389681  7  -1   97 
  64    2.553114    3.695745   52   73   0.9580159    1.212937  7  -1   86 
  65    2.468067    4.354753   46   68    1.916639   0.3434766  7  -1   83 
  66    3.327054   0.7044667   67   69   0.7371043   0.6193972  1  -1  110 
  67    3.316612    0.806689   41   66    2.135717   0.7371043  6  -1   94 
  68    2.498918    4.423587   65   76   0.3434766   0.8652925  7  -1   81 
  69    3.585663    1.267294   66   70   0.6193972   0.8709929  7  -1   84 
  70    3.591948    1.268478   69   75   0.8709929   0.6439499  7  -1   82 
  71    2.791813    4.847563   74   72   0.1095314    1.289536  1  -1   87 
  72    2.875844    4.617287   71   74    1.289536   0.3596878  7  -1   93 
  73    3.251402    3.096691   64   63    1.212937    1.389681  6  -1   90 
  74     2.89933    4.826651   71   72   0.1095314   0.3596878  6  -1  111 
  75    3.858395    1.261836   70   77   0.6439499    1.059332  7  -1   67 
  76    3.156349    4.324817   68   89   0.8652925    1.212877  7  -1   69 
  77    4.158076    1.888473   75   78    1.059332   0.3218062  7  -1   70 
  78    4.177357    1.902736   77   79   0.3218062   0.4867758  7  -1   66 
  79    4.155032    2.041993   78   80   0.4867758   0.1116047  7  -1   79 
  80    4.181855     2.03123   79   82   0.1116047   0.9096115  7  -1   77 
  81    4.116893    3.018536   83   84   0.4250151   0.1753903  1  -1   75 
  82    4.180328    2.861703   80   90   0.9096115   0.0919747  7  -1   78 
  83     4.14894    3.141828   81   94   0.4250151   0.9481476  7  -1  113 
  84     4.19556    3.007916   81   87   0.1753903  0.06464048  7  -1  114 
  85    4.067975    3.577569   89   88  0.03663993   0.4797279  1  -1 157739696 
  86    4.139257    3.301405   92   94   0.2477425   0.8593519  1  -1 1074564194 
  87    4.234047    2.955982   84   93  0.06464048   0.2471374  7  -1 1074499673 
  88    4.110424    3.517371   85   92   0.4797279   0.2440871  7  -1 1074584915 
  89    4.102881    3.566433   76   85    1.212877  0.03663993  6  -1 1074593067 
  90    4.261993    2.904013   82   91   0.0919747   0.7657113  7  -1    8 
  91    4.267744    2.962979   90   93   0.7657113   0.2463473  7  -1  464 
  92    4.161638    3.491305   88   86   0.2440871   0.2477425  6  -1   91 
  93    4.280352    3.000917   87   91   0.2471374   0.2463473  6  -1 1074790484 
  94    4.228765     3.27124   86   83   0.8593519   0.9481476  6  -1   25 
  95    4.324465    4.037674   97   96   0.1287763   0.0700186  1  -1   64 
  96     4.36128    4.048298   95   97   0.0700186  0.08334587  7  -1   14 
  97    4.403888    3.976666   96   95  0.08334587   0.1287763  6  -1   13 
